date,fold,regime,prediction,pred_direction,actual_return,actual_direction,strategy_return,cumulative_return,confidence,aleatoric,epistemic,correct,pnl_bps
2008-01-23,fold_1,Pre-crisis upturn + GFC onset,0.005253916140645742,1,0.009706642478704453,1,0.009706642478704453,0.009706616401672363,0.9999715089797974,9.499969564785715e-06,1.899993912957143e-05,1,97.06642478704453
2008-01-24,fold_1,Pre-crisis upturn + GFC onset,0.00839816965162754,1,-0.006706463638693094,-1,-0.006706463638693094,0.002935051918029785,0.9999794960021973,6.81436085869791e-06,1.362872171739582e-05,0,-67.06463638693094
2008-01-25,fold_1,Pre-crisis upturn + GFC onset,0.00594929326325655,1,0.007704523392021656,1,0.007704523392021656,0.010662198066711426,0.9999598264694214,1.3399662748270202e-05,2.6799325496540405e-05,1,77.04523392021656
2008-01-28,fold_1,Pre-crisis upturn + GFC onset,0.002446175320073962,1,-0.001093094702810049,-1,-0.001093094702810049,0.009557485580444336,0.9999767541885376,7.728086529823486e-06,1.545617305964697e-05,0,-10.93094702810049
2008-01-29,fold_1,Pre-crisis upturn + GFC onset,0.00292200013063848,1,0.004004329908639193,1,0.004004329908639193,0.01360011100769043,0.9999657869338989,1.141164557338925e-05,2.28232911467785e-05,1,40.043299086391926
2008-01-30,fold_1,Pre-crisis upturn + GFC onset,0.003316239221021533,1,0.002289247466251254,1,0.002289247466251254,0.015920519828796387,0.9999611377716064,1.2941373825015035e-05,2.588274765003007e-05,1,22.89247466251254
2008-01-31,fold_1,Pre-crisis upturn + GFC onset,-0.0030202053021639585,-1,-0.004380703438073397,-1,0.004380703438073397,0.020370960235595703,0.9999797344207764,6.766610567865428e-06,1.3533221135730855e-05,1,43.80703438073397
2008-02-01,fold_1,Pre-crisis upturn + GFC onset,-0.0028326038736850023,-1,0.001897936686873436,1,-0.001897936686873436,0.01843440532684326,0.9999699592590332,9.99916301225312e-06,1.999832602450624e-05,0,-18.97936686873436
2008-02-04,fold_1,Pre-crisis upturn + GFC onset,0.00011835330951726064,1,-0.012808330357074738,-1,-0.012808330357074738,0.0053899288177490234,0.9999819993972778,5.99448458160623e-06,1.198896916321246e-05,0,-128.08330357074738
2008-02-05,fold_1,Pre-crisis upturn + GFC onset,-0.005380513612180948,-1,-0.0014324913499876857,-1,0.0014324913499876857,0.0068302154541015625,0.999983549118042,5.496998255694052e-06,1.0993996511388104e-05,1,14.324913499876857
2008-02-06,fold_1,Pre-crisis upturn + GFC onset,0.0006992310518398881,1,-0.009454712271690369,-1,-0.009454712271690369,-0.002689063549041748,0.9999707937240601,9.747992407938e-06,1.9495984815876e-05,0,-94.54712271690369
2008-02-07,fold_1,Pre-crisis upturn + GFC onset,-0.004328643903136253,-1,0.07542583346366882,1,-0.07542583346366882,-0.0779120922088623,0.9999773502349854,7.5482248576008715e-06,1.5096449715201743e-05,0,-754.2583346366882
2008-02-08,fold_1,Pre-crisis upturn + GFC onset,-0.036742132157087326,-1,-0.06865246593952179,-1,0.06865246593952179,-0.014608442783355713,0.9999361038208008,2.130221218976658e-05,4.260442437953316e-05,1,686.5246593952179
2008-02-12,fold_1,Pre-crisis upturn + GFC onset,-0.004350969102233648,-1,-0.0017758844187483191,-1,0.0017758844187483191,-0.01285851001739502,0.9999442100524902,1.85827593668364e-05,3.71655187336728e-05,1,17.75884418748319
2008-02-13,fold_1,Pre-crisis upturn + GFC onset,0.0009380641276948154,1,0.006048077251762152,1,0.006048077251762152,-0.006888210773468018,0.9999698400497437,1.0051634490082506e-05,2.0103268980165012e-05,1,60.48077251762152
2008-02-14,fold_1,Pre-crisis upturn + GFC onset,-0.0007321721059270203,-1,0.002186686033383012,1,-0.002186686033383012,-0.0090598464012146,0.9999295473098755,2.3464550395146944e-05,4.692910079029389e-05,0,-21.866860333830118
2008-02-15,fold_1,Pre-crisis upturn + GFC onset,0.0012284739641472697,1,-0.0017726941732689738,-1,-0.0017726941732689738,-0.010816514492034912,0.9999516010284424,1.611252264410723e-05,3.222504528821446e-05,0,-17.72694173268974
2008-02-19,fold_1,Pre-crisis upturn + GFC onset,-0.002285623224452138,-1,-0.0004710935172624886,-1,0.0004710935172624886,-0.010350465774536133,0.9999533891677856,1.5539713785983622e-05,3.1079427571967244e-05,1,4.710935172624886
2008-02-20,fold_1,Pre-crisis upturn + GFC onset,-0.0006109024398028851,-1,0.006251954939216375,1,-0.006251954939216375,-0.01653766632080078,0.9999412298202515,1.9602470274548978e-05,3.9204940549097955e-05,0,-62.51954939216375
2008-02-21,fold_1,Pre-crisis upturn + GFC onset,0.001218415447510779,1,0.0007413247367367148,1,0.0007413247367367148,-0.015808582305908203,0.9999713897705078,9.52144546317868e-06,1.904289092635736e-05,1,7.413247367367148
2008-02-22,fold_1,Pre-crisis upturn + GFC onset,0.003973883576691151,1,0.0006675262120552361,1,0.0006675262120552361,-0.015151560306549072,0.9999630451202393,1.2327564945735503e-05,2.4655129891471006e-05,1,6.675262120552361
2008-02-25,fold_1,Pre-crisis upturn + GFC onset,0.0034451845567673445,1,0.010797196999192238,1,0.010797196999192238,-0.004518032073974609,0.9999573230743408,1.420433272869559e-05,2.840866545739118e-05,1,107.97196999192238
2008-02-26,fold_1,Pre-crisis upturn + GFC onset,0.00329684279859066,1,0.008133538998663425,1,0.008133538998663425,0.003578782081604004,0.9999551773071289,1.4930825273040682e-05,2.9861650546081364e-05,1,81.33538998663425
2008-02-27,fold_1,Pre-crisis upturn + GFC onset,0.0010643217246979475,1,0.005151412915438414,1,0.005151412915438414,0.008748650550842285,0.9999744892120361,8.50986998557346e-06,1.701973997114692e-05,1,51.514129154384136
2008-02-28,fold_1,Pre-crisis upturn + GFC onset,0.0003725801652763039,1,-0.00025825100601650774,-1,-0.00025825100601650774,0.008488178253173828,0.9999738931655884,8.708844688953832e-06,1.7417689377907664e-05,0,-2.5825100601650774
2008-02-29,fold_1,Pre-crisis upturn + GFC onset,-0.004228442907333374,-1,0.0005320152267813683,1,-0.0005320152267813683,0.007951617240905762,0.9999678134918213,1.0729531823017169e-05,2.1459063646034338e-05,0,-5.320152267813683
2008-03-03,fold_1,Pre-crisis upturn + GFC onset,0.0008504622965119779,1,0.0006540778558701277,1,0.0006540778558701277,0.008610963821411133,0.9999581575393677,1.3961671356810257e-05,2.7923342713620514e-05,1,6.540778558701277
2008-03-04,fold_1,Pre-crisis upturn + GFC onset,0.0013226994778960943,1,0.00439975643530488,1,0.00439975643530488,0.013048648834228516,0.999972939491272,9.004680578073021e-06,1.8009361156146042e-05,1,43.9975643530488
2008-03-05,fold_1,Pre-crisis upturn + GFC onset,-0.0023712513502687216,-1,0.007077113725244999,1,-0.007077113725244999,0.00587916374206543,0.9999709129333496,9.704677722766064e-06,1.9409355445532128e-05,0,-70.77113725244999
2008-03-06,fold_1,Pre-crisis upturn + GFC onset,-0.0022291545756161213,-1,-0.00318984710611403,-1,0.00318984710611403,0.009087681770324707,0.9999682903289795,1.058163252309896e-05,2.116326504619792e-05,1,31.8984710611403
2008-03-07,fold_1,Pre-crisis upturn + GFC onset,-0.0026039525400847197,-1,0.00032211976940743625,1,-0.00032211976940743625,0.008762598037719727,0.9999793767929077,6.886583378218347e-06,1.3773166756436694e-05,0,-3.2211976940743625
2008-03-10,fold_1,Pre-crisis upturn + GFC onset,0.0004335690464358777,1,6.13881929893978e-05,1,6.13881929893978e-05,0.008824586868286133,0.9999696016311646,1.0115933946508449e-05,2.0231867893016897e-05,1,0.6138819298939779
2008-03-11,fold_1,Pre-crisis upturn + GFC onset,0.0008902658009901643,1,0.012913729064166546,1,0.012913729064166546,0.02185225486755371,0.99998939037323,3.538438249961473e-06,7.076876499922946e-06,1,129.13729064166546
2008-03-12,fold_1,Pre-crisis upturn + GFC onset,-0.000459146685898304,-1,0.005280183628201485,1,-0.005280183628201485,0.0164567232131958,0.9999798536300659,6.728365860908525e-06,1.345673172181705e-05,0,-52.80183628201485
2008-03-13,fold_1,Pre-crisis upturn + GFC onset,-0.00013903240323998034,-1,-0.0002654764102771878,-1,0.0002654764102771878,0.01672661304473877,0.9999909400939941,2.9998532227182295e-06,5.999706445436459e-06,1,2.6547641027718782
2008-03-14,fold_1,Pre-crisis upturn + GFC onset,0.000659810088109225,1,0.008330723270773888,1,0.008330723270773888,0.02519667148590088,0.9999761581420898,7.938793714856729e-06,1.5877587429713458e-05,1,83.30723270773888
2008-03-17,fold_1,Pre-crisis upturn + GFC onset,-0.01734933629631996,-1,-0.00571519136428833,-1,0.00571519136428833,0.031055808067321777,0.9999592304229736,1.3604258128907531e-05,2.7208516257815063e-05,1,57.1519136428833
2008-03-18,fold_1,Pre-crisis upturn + GFC onset,-0.0035113622434437275,-1,-0.001219803118146956,-1,0.001219803118146956,0.03231346607208252,0.9999712705612183,9.583990504324902e-06,1.9167981008649804e-05,1,12.19803118146956
2008-03-19,fold_1,Pre-crisis upturn + GFC onset,-0.008027346804738045,-1,-0.012585368938744068,-1,0.012585368938744068,0.045305490493774414,0.9999661445617676,1.1285304026387166e-05,2.2570608052774332e-05,1,125.85368938744068
2008-03-24,fold_1,Pre-crisis upturn + GFC onset,0.0005276742740534246,1,0.011474939994513988,1,0.011474939994513988,0.05730032920837402,0.9999788999557495,7.012561127339723e-06,1.4025122254679445e-05,1,114.74939994513988
2008-03-25,fold_1,Pre-crisis upturn + GFC onset,0.0014778525801375508,1,0.013576983474195004,1,0.013576983474195004,0.0716552734375,0.9999794960021973,6.8463805291685276e-06,1.3692761058337055e-05,1,135.76983474195004
2008-03-26,fold_1,Pre-crisis upturn + GFC onset,0.0034440685994923115,1,-0.0006325822323560715,-1,-0.0006325822323560715,0.07097733020782471,0.9999722242355347,9.270539521821775e-06,1.854107904364355e-05,0,-6.325822323560715
2008-03-27,fold_1,Pre-crisis upturn + GFC onset,-0.00019802628958132118,-1,-0.0033570618834346533,-1,0.0033570618834346533,0.07457268238067627,0.9999755620956421,8.141537364281248e-06,1.6283074728562497e-05,1,33.57061883434653
2008-03-28,fold_1,Pre-crisis upturn + GFC onset,0.004977734759449959,1,-0.00018908978381659836,-1,-0.00018908978381659836,0.07436954975128174,0.9999731779098511,8.92081607162254e-06,1.784163214324508e-05,0,-1.8908978381659836
2008-03-31,fold_1,Pre-crisis upturn + GFC onset,0.0009743059054017067,1,-0.005079609341919422,-1,-0.005079609341919422,0.06891214847564697,0.9999594688415527,1.3525741451303475e-05,2.705148290260695e-05,0,-50.79609341919422
2008-04-02,fold_1,Pre-crisis upturn + GFC onset,0.006232786923646927,1,-0.0006893464596942067,-1,-0.0006893464596942067,0.0681753158569336,0.999976634979248,7.795715646352619e-06,1.5591431292705238e-05,0,-6.893464596942067
2008-04-03,fold_1,Pre-crisis upturn + GFC onset,0.0033018968533724546,1,0.0044534835033118725,1,0.0044534835033118725,0.07293248176574707,0.9999687671661377,1.0397606274636928e-05,2.0795212549273856e-05,1,44.534835033118725
2008-04-04,fold_1,Pre-crisis upturn + GFC onset,0.00416991114616394,1,-0.0020259751472622156,-1,-0.0020259751472622156,0.07075881958007812,0.9999728202819824,9.048470928973984e-06,1.8096941857947968e-05,0,-20.259751472622156
2008-04-07,fold_1,Pre-crisis upturn + GFC onset,0.002012483775615692,1,-0.00808490440249443,-1,-0.00808490440249443,0.06210184097290039,0.9999805688858032,6.488407962024212e-06,1.2976815924048424e-05,0,-80.8490440249443
2008-04-08,fold_1,Pre-crisis upturn + GFC onset,1.3208482414484024e-05,1,0.01579233817756176,1,0.01579233817756176,0.07887494564056396,0.9999277591705322,2.4085305994958617e-05,4.8170611989917234e-05,1,157.9233817756176
2008-04-09,fold_1,Pre-crisis upturn + GFC onset,0.005393994972109795,1,-0.005179158411920071,-1,-0.005179158411920071,0.0732872486114502,0.9999518394470215,1.6069689081632532e-05,3.2139378163265064e-05,0,-51.79158411920071
2008-04-10,fold_1,Pre-crisis upturn + GFC onset,0.0033984140027314425,1,0.005078901536762714,1,0.005078901536762714,0.07873833179473877,0.9999511241912842,1.6285490346490405e-05,3.257098069298081e-05,1,50.789015367627144
2008-04-11,fold_1,Pre-crisis upturn + GFC onset,0.006074137985706329,1,0.00018986649229191244,1,0.00018986649229191244,0.07894313335418701,0.9999262094497681,2.4601038603577763e-05,4.9202077207155526e-05,1,1.8986649229191244
2008-04-14,fold_1,Pre-crisis upturn + GFC onset,0.005217983853071928,1,-0.002462598029524088,-1,-0.002462598029524088,0.07628607749938965,0.9999586343765259,1.3777163985650986e-05,2.7554327971301973e-05,0,-24.62598029524088
2008-04-15,fold_1,Pre-crisis upturn + GFC onset,0.007643315941095352,1,0.010899379849433899,1,0.010899379849433899,0.08801698684692383,0.9999368190765381,2.105534622387495e-05,4.21106924477499e-05,1,108.99379849433899
2008-04-16,fold_1,Pre-crisis upturn + GFC onset,0.006185173988342285,1,-0.0035143231507390738,-1,-0.0035143231507390738,0.08419334888458252,0.9998910427093506,3.630516221164726e-05,7.261032442329451e-05,0,-35.14323150739074
2008-04-17,fold_1,Pre-crisis upturn + GFC onset,-0.0023854358587414026,-1,-0.010573179461061954,-1,0.010573179461061954,0.0956566333770752,0.9999449253082275,1.833520582295023e-05,3.667041164590046e-05,1,105.73179461061954
2008-04-18,fold_1,Pre-crisis upturn + GFC onset,-0.0001385920768370852,-1,0.011313356459140778,1,-0.011313356459140778,0.08326101303100586,0.9998984336853027,3.383682269486599e-05,6.767364538973197e-05,0,-113.13356459140778
2008-04-21,fold_1,Pre-crisis upturn + GFC onset,0.007105554919689894,1,0.004780459683388472,1,0.004780459683388472,0.0884394645690918,0.9999364614486694,2.118456905009225e-05,4.23691381001845e-05,1,47.804596833884716
2008-04-22,fold_1,Pre-crisis upturn + GFC onset,0.0061744218692183495,1,-0.007127514574676752,-1,-0.007127514574676752,0.08068156242370605,0.9999219179153442,2.6018837161245756e-05,5.203767432249151e-05,0,-71.27514574676752
2008-04-23,fold_1,Pre-crisis upturn + GFC onset,0.004637748468667269,1,-0.011966871097683907,-1,-0.011966871097683907,0.06774914264678955,0.999895453453064,3.485638808342628e-05,6.971277616685256e-05,0,-119.66871097683907
2008-04-24,fold_1,Pre-crisis upturn + GFC onset,0.0034084138460457325,1,-0.0030023385770618916,-1,-0.0030023385770618916,0.06454336643218994,0.9999109506607056,2.967091313621495e-05,5.93418262724299e-05,0,-30.023385770618916
2008-04-25,fold_1,Pre-crisis upturn + GFC onset,0.0008886077557690442,1,0.0010174394119530916,1,0.0010174394119530916,0.06562650203704834,0.9998781681060791,4.061434810864739e-05,8.122869621729478e-05,1,10.174394119530916
2008-04-28,fold_1,Pre-crisis upturn + GFC onset,-0.0007370607345364988,-1,-0.0054796477779746056,-1,0.0054796477779746056,0.07146584987640381,0.9998940229415894,3.530433605192229e-05,7.060867210384458e-05,1,54.796477779746056
2008-04-30,fold_1,Pre-crisis upturn + GFC onset,0.0031554438173770905,1,-0.012038466520607471,-1,-0.012038466520607471,0.058567047119140625,0.9998549222946167,4.837119558942504e-05,9.674239117885008e-05,0,-120.38466520607471
2008-05-02,fold_1,Pre-crisis upturn + GFC onset,-0.0012745385756716132,-1,0.00415347795933485,1,-0.00415347795933485,0.05417025089263916,0.9999113082885742,2.9553761123679578e-05,5.9107522247359157e-05,0,-41.5347795933485
2008-05-07,fold_1,Pre-crisis upturn + GFC onset,-0.004008334130048752,-1,0.005134144332259893,1,-0.005134144332259893,0.04875791072845459,0.9999250173568726,2.497920831956435e-05,4.99584166391287e-05,0,-51.341443322598934
2008-05-08,fold_1,Pre-crisis upturn + GFC onset,-0.015418576076626778,-1,0.0016728068003430963,1,-0.0016728068003430963,0.04700350761413574,0.9999268054962158,2.439132731524296e-05,4.878265463048592e-05,0,-16.728068003430963
2008-05-09,fold_1,Pre-crisis upturn + GFC onset,0.00258488766849041,1,0.0032323605846613646,1,0.0032323605846613646,0.05038785934448242,0.9998846054077148,3.846505569526926e-05,7.693011139053851e-05,1,32.323605846613646
2008-05-12,fold_1,Pre-crisis upturn + GFC onset,0.003648025682196021,1,-0.004055029712617397,-1,-0.004055029712617397,0.04612851142883301,0.9999614953994751,1.2826458259951323e-05,2.5652916519902647e-05,0,-40.55029712617397
2008-05-13,fold_1,Pre-crisis upturn + GFC onset,0.001178657985292375,1,-0.0005104347947053611,-1,-0.0005104347947053611,0.04559445381164551,0.9999034404754639,3.218466736143455e-05,6.43693347228691e-05,0,-5.104347947053611
2008-05-14,fold_1,Pre-crisis upturn + GFC onset,-0.0006086502107791603,-1,-0.001174283679574728,-1,0.001174283679574728,0.046822309494018555,0.9999328851699829,2.2353438907884993e-05,4.4706877815769985e-05,1,11.74283679574728
2008-05-15,fold_1,Pre-crisis upturn + GFC onset,-0.0012093845289200544,-1,0.009388802573084831,1,-0.009388802573084831,0.03699386119842529,0.9999421834945679,1.927815901581198e-05,3.855631803162396e-05,0,-93.88802573084831
2008-05-16,fold_1,Pre-crisis upturn + GFC onset,-0.0005356484325602651,-1,-0.0043633379973471165,-1,0.0043633379973471165,0.041518568992614746,0.9999188184738159,2.7060472348239273e-05,5.4120944696478546e-05,1,43.633379973471165
2008-05-19,fold_1,Pre-crisis upturn + GFC onset,0.0012532203691080213,1,0.008124498650431633,1,0.008124498650431633,0.04998040199279785,0.9999570846557617,1.4301642295322381e-05,2.8603284590644762e-05,1,81.24498650431633
2008-05-20,fold_1,Pre-crisis upturn + GFC onset,9.93496723822318e-05,1,0.00855705700814724,1,0.00855705700814724,0.058965206146240234,0.9999643564224243,1.1881675163749605e-05,2.376335032749921e-05,1,85.5705700814724
2008-05-21,fold_1,Pre-crisis upturn + GFC onset,0.0017637023702263832,1,-0.003555349772796035,-1,-0.003555349772796035,0.05520021915435791,0.999964714050293,1.174424778582761e-05,2.348849557165522e-05,0,-35.55349772796035
2008-05-22,fold_1,Pre-crisis upturn + GFC onset,0.0005582156591117382,1,0.003377990797162056,1,0.003377990797162056,0.05876469612121582,0.9999642372131348,1.1902314327016938e-05,2.3804628654033877e-05,1,33.77990797162056
2008-05-23,fold_1,Pre-crisis upturn + GFC onset,0.003752340329810977,1,-0.0003629504353739321,-1,-0.0003629504353739321,0.05838048458099365,0.9999794960021973,6.8123717937851325e-06,1.3624743587570265e-05,0,-3.6295043537393212
2008-05-27,fold_1,Pre-crisis upturn + GFC onset,0.001781149418093264,1,-0.0022230539470911026,-1,-0.0022230539470911026,0.05602765083312988,0.9999873638153076,4.22053926740773e-06,8.44107853481546e-06,0,-22.230539470911026
2008-05-28,fold_1,Pre-crisis upturn + GFC onset,0.0018189583206549287,1,-0.00881433766335249,-1,-0.00881433766335249,0.04671943187713623,0.9999699592590332,1.0014980034611654e-05,2.0029960069223307e-05,0,-88.1433766335249
2008-05-29,fold_1,Pre-crisis upturn + GFC onset,0.0010961410589516163,1,0.0014764738734811544,1,0.0014764738734811544,0.04826498031616211,0.9999551773071289,1.4932503290765453e-05,2.9865006581530906e-05,1,14.764738734811544
2008-05-30,fold_1,Pre-crisis upturn + GFC onset,0.0008038498344831169,1,0.0003264624683652073,1,0.0003264624683652073,0.0486072301864624,0.999970555305481,9.816799320105929e-06,1.9633598640211858e-05,1,3.264624683652073
2008-06-02,fold_1,Pre-crisis upturn + GFC onset,0.0016741249710321426,1,-0.0061646453104913235,-1,-0.0061646453104913235,0.04214286804199219,0.999975323677063,8.207753126043826e-06,1.6415506252087653e-05,0,-61.646453104913235
2008-06-03,fold_1,Pre-crisis upturn + GFC onset,0.00040307556628249586,1,-0.001142001012340188,-1,-0.001142001012340188,0.04095268249511719,0.9999743700027466,8.524236363882665e-06,1.704847272776533e-05,0,-11.42001012340188
2008-06-04,fold_1,Pre-crisis upturn + GFC onset,-0.00010128458961844444,-1,0.010132720693945885,1,-0.010132720693945885,0.030405044555664062,0.9999699592590332,1.0014770850830246e-05,2.002954170166049e-05,0,-101.32720693945885
2008-06-05,fold_1,Pre-crisis upturn + GFC onset,0.00063236866844818,1,0.012580753304064274,1,0.012580753304064274,0.04336833953857422,0.999975323677063,8.238915143010672e-06,1.6477830286021344e-05,1,125.80753304064274
2008-06-06,fold_1,Pre-crisis upturn + GFC onset,0.0025011636316776276,1,-0.008963803760707378,-1,-0.008963803760707378,0.034015774726867676,0.999966025352478,1.1325071682222188e-05,2.2650143364444375e-05,0,-89.63803760707378
2008-06-09,fold_1,Pre-crisis upturn + GFC onset,0.0014435875928029418,1,-0.011474243365228176,-1,-0.011474243365228176,0.02215123176574707,0.9999639987945557,1.2006564247712959e-05,2.4013128495425917e-05,0,-114.74243365228176
2008-06-10,fold_1,Pre-crisis upturn + GFC onset,0.00014193999231792986,1,0.006067509297281504,1,0.006067509297281504,0.028353095054626465,0.9999856948852539,4.765461198985577e-06,9.530922397971153e-06,1,60.67509297281504
2008-06-11,fold_1,Pre-crisis upturn + GFC onset,0.0021206815727055073,1,-0.006230826023966074,-1,-0.006230826023966074,0.021945595741271973,0.9999727010726929,9.084825251193251e-06,1.8169650502386503e-05,0,-62.30826023966074
2008-06-12,fold_1,Pre-crisis upturn + GFC onset,-0.001234301133081317,-1,-0.005947754718363285,-1,0.005947754718363285,0.028023838996887207,0.9999743700027466,8.53344226925401e-06,1.706688453850802e-05,1,59.47754718363285
2008-06-13,fold_1,Pre-crisis upturn + GFC onset,0.000599173828959465,1,0.006823988631367683,1,0.006823988631367683,0.03503906726837158,0.9999845027923584,5.146232069819234e-06,1.0292464139638469e-05,1,68.23988631367683
2008-06-16,fold_1,Pre-crisis upturn + GFC onset,0.0016489640111103654,1,0.0031044406350702047,1,0.0031044406350702047,0.03825223445892334,0.9999750852584839,8.302746209665202e-06,1.6605492419330403e-05,1,31.044406350702047
2008-06-17,fold_1,Pre-crisis upturn + GFC onset,0.00044113287003710866,1,0.0010409550741314888,1,0.0010409550741314888,0.03933298587799072,0.9999668598175049,1.1031028407160193e-05,2.2062056814320385e-05,1,10.409550741314888
2008-06-18,fold_1,Pre-crisis upturn + GFC onset,0.0010944787645712495,1,-0.0018145984504371881,-1,-0.0018145984504371881,0.03744697570800781,0.9999706745147705,9.772772500582505e-06,1.954554500116501e-05,0,-18.14598450437188
2008-06-19,fold_1,Pre-crisis upturn + GFC onset,0.0012335869250819087,1,0.0076107727363705635,1,0.0076107727363705635,0.04534280300140381,0.9999682903289795,1.0547645615588408e-05,2.1095291231176816e-05,1,76.10772736370564
2008-06-20,fold_1,Pre-crisis upturn + GFC onset,0.002458021743223071,1,-0.00672138063237071,-1,-0.00672138063237071,0.03831660747528076,0.9999691247940063,1.0302792361471802e-05,2.0605584722943604e-05,0,-67.2138063237071
2008-06-23,fold_1,Pre-crisis upturn + GFC onset,0.001155991805717349,1,0.0030361225362867117,1,0.0030361225362867117,0.04146909713745117,0.9999797344207764,6.747435691067949e-06,1.3494871382135898e-05,1,30.361225362867117
2008-06-24,fold_1,Pre-crisis upturn + GFC onset,0.002711681416258216,1,0.006677090656012297,1,0.006677090656012297,0.048423051834106445,0.9999731779098511,8.9426494014333e-06,1.78852988028666e-05,1,66.77090656012297
2008-06-25,fold_1,Pre-crisis upturn + GFC onset,0.003020712174475193,1,0.005040960386395454,1,0.005040960386395454,0.05370819568634033,0.9999736547470093,8.759415322856512e-06,1.7518830645713024e-05,1,50.409603863954544
2008-06-26,fold_1,Pre-crisis upturn + GFC onset,0.0007941683870740235,1,0.0,1,0.0,0.05370819568634033,0.9999822378158569,5.917726866755402e-06,1.1835453733510803e-05,0,0.0
2008-06-27,fold_1,Pre-crisis upturn + GFC onset,0.003196264151483774,1,-0.00018895813263952732,-1,-0.00018895813263952732,0.05350911617279053,0.9999884366989136,3.844818365905667e-06,7.689636731811333e-06,0,-1.8895813263952732
2010-01-19,fold_2,Post-crash recovery,0.0015946067869663239,1,-0.011951462365686893,-1,-0.011951462365686893,-0.011951446533203125,0.9999897480010986,3.4323065847274847e-06,6.8646131694549695e-06,0,-119.51462365686893
2010-01-20,fold_2,Post-crash recovery,-0.0021767846774309874,-1,-0.0009444424649700522,-1,0.0009444424649700522,-0.011018216609954834,0.9999754428863525,8.164907740138005e-06,1.632981548027601e-05,1,9.444424649700522
2010-01-21,fold_2,Post-crash recovery,0.0012612181017175317,1,0.003125128336250782,1,0.003125128336250782,-0.00792759656906128,0.9999803304672241,6.570498953806236e-06,1.3140997907612473e-05,1,31.25128336250782
2010-01-22,fold_2,Post-crash recovery,0.002889661816880107,1,0.0006368025206029415,1,0.0006368025206029415,-0.007295846939086914,0.9999858140945435,4.724381142295897e-06,9.448762284591794e-06,1,6.368025206029415
2010-01-25,fold_2,Post-crash recovery,0.0018726028501987457,1,-0.004788059741258621,-1,-0.004788059741258621,-0.012048959732055664,0.9999756813049316,8.0852887549554e-06,1.61705775099108e-05,0,-47.88059741258621
2010-01-26,fold_2,Post-crash recovery,0.0038336068391799927,1,-0.003648065496236086,-1,-0.003648065496236086,-0.01565307378768921,0.9999680519104004,1.0654094694473315e-05,2.130818938894663e-05,0,-36.48065496236086
2010-01-27,fold_2,Post-crash recovery,0.0007535903132520616,1,-0.004483596887439489,-1,-0.004483596887439489,-0.020066499710083008,0.9999650716781616,1.1652748980850447e-05,2.3305497961700894e-05,0,-44.835968874394894
2010-01-28,fold_2,Post-crash recovery,-0.0010333106620237231,-1,-0.0072386483661830425,-1,0.0072386483661830425,-0.012973129749298096,0.9999823570251465,5.89626779401442e-06,1.179253558802884e-05,1,72.38648366183043
2010-01-29,fold_2,Post-crash recovery,-0.0003750391479115933,-1,0.0043313405476510525,1,-0.0043313405476510525,-0.01724827289581299,0.9999773502349854,7.550177087978227e-06,1.5100354175956454e-05,0,-43.313405476510525
2010-02-01,fold_2,Post-crash recovery,0.0010412500705569983,1,0.0035359642934054136,1,0.0035359642934054136,-0.01377326250076294,0.9999799728393555,6.656151526840404e-06,1.3312303053680807e-05,1,35.359642934054136
2010-02-02,fold_2,Post-crash recovery,-0.0002138698473572731,-1,-0.0053796786814928055,-1,0.0053796786814928055,-0.008467674255371094,0.9999841451644897,5.289556611387525e-06,1.057911322277505e-05,1,53.796786814928055
2010-02-03,fold_2,Post-crash recovery,-0.004607867915183306,-1,-0.01122969388961792,-1,0.01122969388961792,0.002666950225830078,0.9999874830245972,4.182492830295814e-06,8.364985660591628e-06,1,112.2969388961792
2010-02-04,fold_2,Post-crash recovery,-0.00022304701269604266,-1,-0.004719560965895653,-1,0.004719560965895653,0.007399201393127441,0.9999780654907227,7.32802300262847e-06,1.465604600525694e-05,1,47.19560965895653
2010-02-05,fold_2,Post-crash recovery,-0.0005799254286102951,-1,-0.0018570575630292296,-1,0.0018570575630292296,0.009269952774047852,0.9999748468399048,8.388352398469578e-06,1.6776704796939157e-05,1,18.570575630292296
2010-02-08,fold_2,Post-crash recovery,0.0014322681818157434,1,0.009330499917268753,1,0.009330499917268753,0.018687009811401367,0.9999914169311523,2.8732749797200086e-06,5.746549959440017e-06,1,93.30499917268753
2010-02-09,fold_2,Post-crash recovery,0.0014745780499652028,1,-0.0020905188284814358,-1,-0.0020905188284814358,0.01655745506286621,0.9999738931655884,8.70108760864241e-06,1.740217521728482e-05,0,-20.905188284814358
2010-02-10,fold_2,Post-crash recovery,-0.001657200395129621,-1,-0.005199064500629902,-1,0.005199064500629902,0.021842598915100098,0.9999775886535645,7.466558599844575e-06,1.493311719968915e-05,1,51.99064500629902
2010-02-12,fold_2,Post-crash recovery,-0.004005809314548969,-1,-0.0023396951146423817,-1,0.0023396951146423817,0.024233460426330566,0.9999901056289673,3.301569222458056e-06,6.603138444916112e-06,1,23.396951146423817
2010-02-16,fold_2,Post-crash recovery,-0.0024676525499671698,-1,-0.01163397915661335,-1,0.01163397915661335,0.03614938259124756,0.9999817609786987,6.07371612204588e-06,1.214743224409176e-05,1,116.3397915661335
2010-02-17,fold_2,Post-crash recovery,-0.005306498613208532,-1,-0.010688421316444874,-1,0.010688421316444874,0.04722416400909424,0.9999815225601196,6.1574382925755344e-06,1.2314876585151069e-05,1,106.88421316444874
2010-02-18,fold_2,Post-crash recovery,-0.001759365200996399,-1,0.011409442871809006,1,-0.011409442871809006,0.035275936126708984,0.9999821186065674,5.976503416604828e-06,1.1953006833209656e-05,0,-114.09442871809006
2010-02-19,fold_2,Post-crash recovery,-0.010381821542978287,-1,-0.0006938879960216582,-1,0.0006938879960216582,0.03599429130554199,0.9999822378158569,5.93499316892121e-06,1.186998633784242e-05,1,6.938879960216582
2010-02-22,fold_2,Post-crash recovery,-0.004029771313071251,-1,-0.005776017438620329,-1,0.005776017438620329,0.04197824001312256,0.9999759197235107,8.008123586478177e-06,1.6016247172956355e-05,1,57.76017438620329
2010-02-23,fold_2,Post-crash recovery,-0.0027208670508116484,-1,0.001191824907436967,1,-0.001191824907436967,0.04073631763458252,0.9999868869781494,4.368359896034235e-06,8.73671979206847e-06,0,-11.918249074369669
2010-02-24,fold_2,Post-crash recovery,-0.0029867966659367085,-1,-0.000527954485733062,-1,0.000527954485733062,0.04128575325012207,0.9999756813049316,8.096162673609797e-06,1.6192325347219594e-05,1,5.27954485733062
2010-02-25,fold_2,Post-crash recovery,-0.0019218669040128589,-1,0.007020008284598589,1,-0.007020008284598589,0.033975958824157715,0.9999878406524658,4.057411842950387e-06,8.114823685900774e-06,0,-70.20008284598589
2010-02-26,fold_2,Post-crash recovery,-0.002438019961118698,-1,-0.005058620125055313,-1,0.005058620125055313,0.039206504821777344,0.999984622001648,5.129451892571524e-06,1.0258903785143048e-05,1,50.58620125055313
2010-03-01,fold_2,Post-crash recovery,-0.003509070724248886,-1,0.004317773040384054,1,-0.004317773040384054,0.03471946716308594,0.9999873638153076,4.208126483717933e-06,8.416252967435867e-06,0,-43.17773040384054
2010-03-02,fold_2,Post-crash recovery,-0.006136392243206501,-1,0.005946443881839514,1,-0.005946443881839514,0.028566598892211914,0.9999898672103882,3.375879941813764e-06,6.751759883627528e-06,0,-59.46443881839514
2010-03-03,fold_2,Post-crash recovery,-0.004911140538752079,-1,-0.00858509074896574,-1,0.00858509074896574,0.037396907806396484,0.9999786615371704,7.113047558959806e-06,1.4226095117919613e-05,1,85.8509074896574
2010-03-04,fold_2,Post-crash recovery,-0.005214382894337177,-1,0.003311865497380495,1,-0.003311865497380495,0.03396117687225342,0.9999765157699585,7.829456990293693e-06,1.5658913980587386e-05,0,-33.11865497380495
2010-03-05,fold_2,Post-crash recovery,-0.0028470424003899097,-1,-0.0008851704187691212,-1,0.0008851704187691212,0.034876346588134766,0.9999722242355347,9.272259376302827e-06,1.8544518752605654e-05,1,8.851704187691212
2010-03-08,fold_2,Post-crash recovery,-0.002162609016522765,-1,-0.0007347645587287843,-1,0.0007347645587287843,0.0356367826461792,0.9999871253967285,4.30421277997084e-06,8.60842555994168e-06,1,7.347645587287843
2010-03-09,fold_2,Post-crash recovery,-0.004222467541694641,-1,0.002674186136573553,1,-0.002674186136573553,0.03286731243133545,0.9999792575836182,6.9226261985022575e-06,1.3845252397004515e-05,0,-26.74186136573553
2010-03-10,fold_2,Post-crash recovery,-0.002966019557788968,-1,0.0030791175086051226,1,-0.0030791175086051226,0.029687047004699707,0.9999728202819824,9.070296073332429e-06,1.8140592146664858e-05,0,-30.791175086051226
2010-03-11,fold_2,Post-crash recovery,-0.0043856799602508545,-1,0.006182710640132427,1,-0.006182710640132427,0.023320794105529785,0.9999909400939941,3.013180503330659e-06,6.026361006661318e-06,0,-61.82710640132427
2010-03-12,fold_2,Post-crash recovery,-0.002945501357316971,-1,-0.006715663243085146,-1,0.006715663243085146,0.030193090438842773,0.9999872446060181,4.256478405295638e-06,8.512956810591277e-06,1,67.15663243085146
2010-03-15,fold_2,Post-crash recovery,-0.0034489575773477554,-1,0.006677919998764992,1,-0.006677919998764992,0.023313522338867188,0.9999796152114868,6.782929631299339e-06,1.3565859262598678e-05,0,-66.77919998764992
2010-03-16,fold_2,Post-crash recovery,-0.0037310782354325056,-1,-0.0022119286004453897,-1,0.0022119286004453897,0.025577068328857422,0.9999847412109375,5.072081421531038e-06,1.0144162843062077e-05,1,22.119286004453897
2010-03-17,fold_2,Post-crash recovery,-0.0016668093157932162,-1,-0.009053192101418972,-1,0.009053192101418972,0.03486180305480957,0.9999939203262329,2.0341374238341814e-06,4.068274847668363e-06,1,90.53192101418972
2010-03-18,fold_2,Post-crash recovery,-0.004034475889056921,-1,-0.0056584724225103855,-1,0.0056584724225103855,0.04071760177612305,0.9999749660491943,8.346617505594622e-06,1.6693235011189245e-05,1,56.584724225103855
2010-03-19,fold_2,Post-crash recovery,-0.0037995725870132446,-1,0.0022249817848205566,1,-0.0022249817848205566,0.03840208053588867,0.9999773502349854,7.542907042079605e-06,1.508581408415921e-05,0,-22.249817848205566
2010-03-23,fold_2,Post-crash recovery,-0.0034061470068991184,-1,-0.010171548463404179,-1,0.010171548463404179,0.04896426200866699,0.9999809265136719,6.33936269878177e-06,1.267872539756354e-05,1,101.71548463404179
2010-03-24,fold_2,Post-crash recovery,-0.005676980596035719,-1,-0.0017964079743251204,-1,0.0017964079743251204,0.05084860324859619,0.999991774559021,2.732406983341207e-06,5.464813966682414e-06,1,17.964079743251204
2010-03-25,fold_2,Post-crash recovery,-0.0024886727333068848,-1,0.0077375867404043674,1,-0.0077375867404043674,0.042717576026916504,0.9999839067459106,5.379966296459315e-06,1.075993259291863e-05,0,-77.37586740404367
2010-03-26,fold_2,Post-crash recovery,0.0019216882064938545,1,0.005298086442053318,1,0.005298086442053318,0.04824209213256836,0.9999864101409912,4.544855528365588e-06,9.089711056731176e-06,1,52.98086442053318
2010-03-29,fold_2,Post-crash recovery,0.0011334901209920645,1,-0.0042286706157028675,-1,-0.0042286706157028675,0.04380941390991211,0.9999852180480957,4.92890148962033e-06,9.85780297924066e-06,0,-42.286706157028675
2010-03-30,fold_2,Post-crash recovery,0.0009919669246301055,1,0.006254276726394892,1,0.006254276726394892,0.05033767223358154,0.999982476234436,5.8451314544072375e-06,1.1690262908814475e-05,1,62.54276726394892
2010-03-31,fold_2,Post-crash recovery,-0.00018759006343316287,-1,0.0056237718090415,1,-0.0056237718090415,0.04443085193634033,0.9999934434890747,2.1878802272112807e-06,4.3757604544225615e-06,0,-56.237718090415
2010-04-01,fold_2,Post-crash recovery,0.0015179638285189867,1,-0.005820577964186668,-1,-0.005820577964186668,0.03835165500640869,0.9999834299087524,5.5358927966153715e-06,1.1071785593230743e-05,0,-58.205779641866684
2010-04-05,fold_2,Post-crash recovery,-0.0022186264395713806,-1,-0.006459742318838835,-1,0.006459742318838835,0.04505908489227295,0.9999829530715942,5.683183189830743e-06,1.1366366379661486e-05,1,64.59742318838835
2010-04-06,fold_2,Post-crash recovery,-0.0024858496617525816,-1,-0.003991239704191685,-1,0.003991239704191685,0.049230217933654785,0.9999874830245972,4.181571512162918e-06,8.363143024325836e-06,1,39.91239704191685
2010-04-07,fold_2,Post-crash recovery,-0.001050721388310194,-1,0.0009486044873483479,1,-0.0009486044873483479,0.04823493957519531,0.9999829530715942,5.683834388037212e-06,1.1367668776074424e-05,0,-9.486044873483479
2010-04-08,fold_2,Post-crash recovery,-0.0016994115430861712,-1,0.01046330388635397,1,-0.01046330388635397,0.03726696968078613,0.9999884366989136,3.848358119284967e-06,7.696716238569934e-06,0,-104.6330388635397
2010-04-09,fold_2,Post-crash recovery,-0.003097486449405551,-1,0.007042666897177696,1,-0.007042666897177696,0.029961824417114258,0.9999901056289673,3.281983708802727e-06,6.563967417605454e-06,0,-70.42666897177696
2010-04-12,fold_2,Post-crash recovery,-0.00011726897355401888,-1,0.0009253707830794156,1,-0.0009253707830794156,0.02900874614715576,0.9999818801879883,6.039377694833092e-06,1.2078755389666185e-05,0,-9.253707830794156
2010-04-13,fold_2,Post-crash recovery,0.0006828595069237053,1,0.0034823056776076555,1,0.0034823056776076555,0.032592058181762695,0.999984622001648,5.107032848172821e-06,1.0214065696345642e-05,1,34.823056776076555
2010-04-14,fold_2,Post-crash recovery,0.001954453531652689,1,-0.005999756511300802,-1,-0.005999756511300802,0.026396751403808594,0.9999731779098511,8.953465112426784e-06,1.7906930224853568e-05,0,-59.99756511300802
2010-04-15,fold_2,Post-crash recovery,-0.0016649626195430756,-1,-0.00515845837071538,-1,0.00515845837071538,0.03169131278991699,0.9999799728393555,6.674270935036475e-06,1.334854187007295e-05,1,51.5845837071538
2010-04-16,fold_2,Post-crash recovery,-0.0010320739820599556,-1,-0.0012409078190103173,-1,0.0012409078190103173,0.03297150135040283,0.999976634979248,7.80065147409914e-06,1.560130294819828e-05,1,12.409078190103173
2010-04-19,fold_2,Post-crash recovery,-0.0024079089052975178,-1,-0.0038692092057317495,-1,0.0038692092057317495,0.036968231201171875,0.9999914169311523,2.8542567633849103e-06,5.708513526769821e-06,1,38.692092057317495
2010-04-20,fold_2,Post-crash recovery,0.0003726511204149574,1,-0.0033609094098210335,-1,-0.0033609094098210335,0.033483028411865234,0.9999823570251465,5.858253643964417e-06,1.1716507287928835e-05,0,-33.609094098210335
2010-04-21,fold_2,Post-crash recovery,-0.0017209332436323166,-1,-0.008957214653491974,-1,0.008957214653491974,0.04274022579193115,0.9999909400939941,3.010782165802084e-06,6.021564331604168e-06,1,89.57214653491974
2010-04-22,fold_2,Post-crash recovery,-0.001531955087557435,-1,0.008592506870627403,1,-0.008592506870627403,0.033780455589294434,0.9999910593032837,2.9775853818136966e-06,5.955170763627393e-06,0,-85.92506870627403
2010-04-23,fold_2,Post-crash recovery,-0.0037605874240398407,-1,0.001286504091694951,1,-0.001286504091694951,0.03245043754577637,0.9999815225601196,6.136640877230093e-06,1.2273281754460186e-05,0,-12.86504091694951
2010-04-26,fold_2,Post-crash recovery,-0.0035502114333212376,-1,-0.01720094121992588,-1,0.01720094121992588,0.05020952224731445,0.9999887943267822,3.7222007449599914e-06,7.444401489919983e-06,1,172.0094121992588
2010-04-27,fold_2,Post-crash recovery,-0.0007243903237394989,-1,0.00319747650064528,1,-0.00319747650064528,0.046851515769958496,0.9999779462814331,7.3440055530227255e-06,1.4688011106045451e-05,0,-31.9747650064528
2010-04-28,fold_2,Post-crash recovery,-0.004012502264231443,-1,0.0037932186387479305,1,-0.0037932186387479305,0.04288053512573242,0.999991774559021,2.7416929242463084e-06,5.483385848492617e-06,0,-37.932186387479305
2010-04-30,fold_2,Post-crash recovery,-0.0015935171395540237,-1,-0.007378703448921442,-1,0.007378703448921442,0.0505756139755249,0.9999699592590332,1.0012956408900209e-05,2.0025912817800418e-05,1,73.78703448921442
2010-05-06,fold_2,Post-crash recovery,0.0034775242675095797,1,0.009745693765580654,1,0.009745693765580654,0.0608142614364624,0.9999840259552002,5.320404397934908e-06,1.0640808795869816e-05,1,97.45693765580654
2010-05-07,fold_2,Post-crash recovery,0.009024271741509438,1,0.0018146689981222153,1,0.0018146689981222153,0.06273937225341797,0.9999631643295288,1.228927885676967e-05,2.457855771353934e-05,1,18.146689981222153
2010-05-10,fold_2,Post-crash recovery,0.007797704078257084,1,-0.011682657524943352,-1,-0.011682657524943352,0.0503237247467041,0.999966025352478,1.1306934538879432e-05,2.2613869077758864e-05,0,-116.82657524943352
2010-05-11,fold_2,Post-crash recovery,0.009235953912138939,1,0.0007203565328381956,1,0.0007203565328381956,0.05108034610748291,0.9999473094940186,1.7577398466528393e-05,3.515479693305679e-05,1,7.203565328381956
2010-05-12,fold_2,Post-crash recovery,0.0014354620361700654,1,-0.007750330958515406,-1,-0.007750330958515406,0.04293417930603027,0.9999616146087646,1.2798742318409495e-05,2.559748463681899e-05,0,-77.50330958515406
2010-05-13,fold_2,Post-crash recovery,0.001274347072467208,1,-0.014436493627727032,-1,-0.014436493627727032,0.02787792682647705,0.9999637603759766,1.2086653441656381e-05,2.4173306883312762e-05,0,-144.36493627727032
2010-05-14,fold_2,Post-crash recovery,0.0015963189071044326,1,0.00266445754095912,1,0.00266445754095912,0.0306166410446167,0.9999780654907227,7.307872238015989e-06,1.4615744476031978e-05,1,26.644575409591198
2010-05-17,fold_2,Post-crash recovery,0.002784100128337741,1,-0.0172696802765131,-1,-0.0172696802765131,0.012818217277526855,0.9999725818634033,9.155881343758665e-06,1.831176268751733e-05,0,-172.696802765131
2010-05-18,fold_2,Post-crash recovery,0.008585362695157528,1,0.0176109466701746,1,0.0176109466701746,0.0306549072265625,0.999974250793457,8.590720426582266e-06,1.718144085316453e-05,1,176.109466701746
2010-05-19,fold_2,Post-crash recovery,0.004761564079672098,1,0.006900882814079523,1,0.006900882814079523,0.03776741027832031,0.9999765157699585,7.80682785261888e-06,1.561365570523776e-05,1,69.00882814079523
2010-05-20,fold_2,Post-crash recovery,0.006082918029278517,1,0.0070626987144351006,1,0.0070626987144351006,0.04509687423706055,0.9999500513076782,1.6652453268761747e-05,3.330490653752349e-05,1,70.626987144351
2010-05-21,fold_2,Post-crash recovery,0.0020806698594242334,1,-0.017277510836720467,-1,-0.017277510836720467,0.02704012393951416,0.9999740123748779,8.678871381562203e-06,1.7357742763124406e-05,0,-172.77510836720467
2010-05-24,fold_2,Post-crash recovery,0.004621485713869333,1,-0.0003210459544789046,-1,-0.0003210459544789046,0.0267103910446167,0.999971866607666,9.364453035232145e-06,1.872890607046429e-05,0,-3.210459544789046
2010-05-25,fold_2,Post-crash recovery,-0.0006257618078961968,-1,-0.014011116698384285,-1,0.014011116698384285,0.041095733642578125,0.9999752044677734,8.253486157627776e-06,1.6506972315255553e-05,1,140.11116698384285
2010-05-26,fold_2,Post-crash recovery,0.0028854098636657,1,0.014373074285686016,1,0.014373074285686016,0.05605947971343994,0.999963641166687,1.2102467735530809e-05,2.4204935471061617e-05,1,143.73074285686016
2010-05-27,fold_2,Post-crash recovery,0.006374047603458166,1,-0.005989732686430216,-1,-0.005989732686430216,0.04973399639129639,0.9999662637710571,1.123134461522568e-05,2.246268923045136e-05,0,-59.89732686430216
2010-05-28,fold_2,Post-crash recovery,-0.00025658681988716125,-1,0.0011304189683869481,1,-0.0011304189683869481,0.04854738712310791,0.9999842643737793,5.2268101171648595e-06,1.0453620234329719e-05,0,-11.304189683869481
2010-06-01,fold_2,Post-crash recovery,-0.0021166037768125534,-1,0.000489582889713347,1,-0.000489582889713347,0.048034071922302246,0.9999562501907349,1.4598328561987728e-05,2.9196657123975456e-05,0,-4.89582889713347
2010-06-02,fold_2,Post-crash recovery,-0.0006196479662321508,-1,-0.005683161783963442,-1,0.005683161783963442,0.05399024486541748,0.9999626874923706,1.2421283827279694e-05,2.484256765455939e-05,1,56.83161783963442
2010-06-03,fold_2,Post-crash recovery,-0.0051684207282960415,-1,-0.01630449667572975,-1,0.01630449667572975,0.0711749792098999,0.9999779462814331,7.341012405959191e-06,1.4682024811918382e-05,1,163.04496675729752
2010-06-04,fold_2,Post-crash recovery,-0.0011783657828345895,-1,-0.004018112551420927,-1,0.004018112551420927,0.07547903060913086,0.9999632835388184,1.2234633686603047e-05,2.4469267373206094e-05,1,40.18112551420927
2010-06-07,fold_2,Post-crash recovery,0.004725770093500614,1,0.0041184090077877045,1,0.0041184090077877045,0.07990837097167969,0.9999709129333496,9.698538633529097e-06,1.9397077267058194e-05,1,41.184090077877045
2010-06-08,fold_2,Post-crash recovery,0.0015756543725728989,1,0.0016669539036229253,1,0.0016669539036229253,0.08170843124389648,0.999984622001648,5.1307229114172515e-06,1.0261445822834503e-05,1,16.669539036229253
2010-06-09,fold_2,Post-crash recovery,0.006331610027700663,1,0.00975992064923048,1,0.00975992064923048,0.09226584434509277,0.9999558925628662,1.4686434951727279e-05,2.9372869903454557e-05,1,97.5992064923048
2010-06-10,fold_2,Post-crash recovery,0.004166964441537857,1,0.00041180214611813426,1,0.00041180214611813426,0.09271562099456787,0.9999781847000122,7.251116585393902e-06,1.4502233170787804e-05,1,4.118021461181343
2010-06-11,fold_2,Post-crash recovery,-0.0023781214840710163,-1,0.008589374832808971,1,-0.008589374832808971,0.08332991600036621,0.9999806880950928,6.445854978665011e-06,1.2891709957330022e-05,0,-85.89374832808971
2010-06-14,fold_2,Post-crash recovery,-0.0013354590628296137,-1,0.00826606061309576,1,-0.00826606061309576,0.07437503337860107,0.9999741315841675,8.60245472722454e-06,1.720490945444908e-05,0,-82.6606061309576
2010-06-15,fold_2,Post-crash recovery,-0.0036945424508303404,-1,-0.0005786734400317073,-1,0.0005786734400317073,0.0749967098236084,0.9999828338623047,5.710861842089798e-06,1.1421723684179597e-05,1,5.786734400317073
2010-06-16,fold_2,Post-crash recovery,-0.005348962265998125,-1,0.005695778410881758,1,-0.005695778410881758,0.06887376308441162,0.9999737739562988,8.722972779651172e-06,1.7445945559302345e-05,0,-56.95778410881758
2010-06-17,fold_2,Post-crash recovery,-0.004748817067593336,-1,0.000879864557646215,1,-0.000879864557646215,0.06793332099914551,0.9999716281890869,9.451225196244195e-06,1.890245039248839e-05,0,-8.79864557646215
2010-06-18,fold_2,Post-crash recovery,-0.00301276589743793,-1,-0.006207311991602182,-1,0.006207311991602182,0.07456231117248535,0.9999861717224121,4.606041329680011e-06,9.212082659360021e-06,1,62.073119916021824
2010-06-21,fold_2,Post-crash recovery,-0.005151933059096336,-1,-0.0033265468664467335,-1,0.0033265468664467335,0.07813692092895508,0.999988317489624,3.906511210516328e-06,7.813022421032656e-06,1,33.265468664467335
2010-06-22,fold_2,Post-crash recovery,-0.0037916076835244894,-1,0.003584904596209526,1,-0.003584904596209526,0.07427191734313965,0.9999876022338867,4.133176389586879e-06,8.266352779173758e-06,0,-35.84904596209526
2010-06-23,fold_2,Post-crash recovery,-0.000794257503002882,-1,0.0014927452430129051,1,-0.0014927452430129051,0.07266831398010254,0.9999865293502808,4.503038780967472e-06,9.006077561934944e-06,0,-14.927452430129051
2010-06-24,fold_2,Post-crash recovery,-0.004078918602317572,-1,0.002882967470213771,1,-0.002882967470213771,0.06957590579986572,0.9999786615371704,7.092080522852484e-06,1.4184161045704968e-05,0,-28.82967470213771
2010-06-25,fold_2,Post-crash recovery,0.0010865807998925447,1,-0.007759139873087406,-1,-0.007759139873087406,0.061276912689208984,0.9999877214431763,4.106652340851724e-06,8.213304681703448e-06,0,-77.59139873087406
2010-06-28,fold_2,Post-crash recovery,-0.002180251991376281,-1,-0.007384906057268381,-1,0.007384906057268381,0.0691143274307251,0.9999747276306152,8.42958706925856e-06,1.685917413851712e-05,1,73.84906057268381
2010-06-29,fold_2,Post-crash recovery,-0.0021895759273320436,-1,0.003583511570468545,1,-0.003583511570468545,0.06528317928314209,0.9999806880950928,6.44883994027623e-06,1.289767988055246e-05,0,-35.83511570468545
2013-01-18,fold_3,Eurozone debt plateau,-0.002290114527568221,-1,-0.00392940966412425,-1,0.00392940966412425,0.0039293766021728516,0.9999920129776001,2.652537659741938e-06,5.305075319483876e-06,1,39.294096641242504
2013-01-22,fold_3,Eurozone debt plateau,0.0009020552970468998,1,0.00018636102322489023,1,0.00018636102322489023,0.004116415977478027,0.9999885559082031,3.79879975298536e-06,7.59759950597072e-06,1,1.8636102322489023
2013-01-23,fold_3,Eurozone debt plateau,-0.0015873443335294724,-1,-0.0004125860577914864,-1,0.0004125860577914864,0.004530668258666992,0.9999840259552002,5.3221847338136286e-06,1.0644369467627257e-05,1,4.125860577914864
2013-01-24,fold_3,Eurozone debt plateau,0.0032363065984100103,1,0.004572297912091017,1,0.004572297912091017,0.009123682975769043,0.9999743700027466,8.531971616321243e-06,1.7063943232642487e-05,1,45.72297912091017
2013-01-25,fold_3,Eurozone debt plateau,0.004743313882499933,1,0.007231287192553282,1,0.007231287192553282,0.016420841217041016,0.9999557733535767,1.4725933397130575e-05,2.945186679426115e-05,1,72.31287192553282
2013-01-28,fold_3,Eurozone debt plateau,0.0021936383564025164,1,-0.0014656366547569633,-1,-0.0014656366547569633,0.014931201934814453,0.9999735355377197,8.825963959679939e-06,1.7651927919359878e-05,0,-14.656366547569633
2013-01-29,fold_3,Eurozone debt plateau,0.0010270827915519476,1,0.003372915554791689,1,0.003372915554791689,0.018354415893554688,0.9999768733978271,7.690146048844326e-06,1.5380292097688653e-05,1,33.72915554791689
2013-01-30,fold_3,Eurozone debt plateau,0.002659607445821166,1,0.005685125477612019,1,0.005685125477612019,0.02414381504058838,0.9999758005142212,8.061766493483447e-06,1.6123532986966893e-05,1,56.851254776120186
2013-01-31,fold_3,Eurozone debt plateau,0.0010568934958428144,1,0.003144102171063423,1,0.003144102171063423,0.027363896369934082,0.9999817609786987,6.093382125982316e-06,1.2186764251964632e-05,1,31.44102171063423
2013-02-01,fold_3,Eurozone debt plateau,0.002278844593092799,1,0.0027706902474164963,1,0.0027706902474164963,0.030210375785827637,0.9999761581420898,7.95181404100731e-06,1.590362808201462e-05,1,27.706902474164963
2013-02-04,fold_3,Eurozone debt plateau,-0.0007376588182523847,-1,-0.01003915723413229,-1,0.01003915723413229,0.04055285453796387,0.9999778270721436,7.373255357379094e-06,1.4746510714758188e-05,1,100.3915723413229
2013-02-05,fold_3,Eurozone debt plateau,0.00011123344302177429,1,0.005160914734005928,1,0.005160914734005928,0.04592311382293701,0.9999747276306152,8.424680345342495e-06,1.684936069068499e-05,1,51.60914734005928
2013-02-06,fold_3,Eurozone debt plateau,-0.0009969690581783652,-1,-0.004232979379594326,-1,0.004232979379594326,0.05035054683685303,0.9999895095825195,3.4834392863558605e-06,6.966878572711721e-06,1,42.32979379594326
2013-02-07,fold_3,Eurozone debt plateau,-0.0027477971743792295,-1,-0.009948350489139557,-1,0.009948350489139557,0.06079983711242676,0.9999744892120361,8.511326086590998e-06,1.7022652173181996e-05,1,99.48350489139557
2013-02-08,fold_3,Eurozone debt plateau,-0.00046725673018954694,-1,-0.0015773915220052004,-1,0.0015773915220052004,0.062473177909851074,0.999966025352478,1.1319194527459331e-05,2.2638389054918662e-05,1,15.773915220052004
2013-02-12,fold_3,Eurozone debt plateau,0.006361574865877628,1,0.0036186398938298225,1,0.0036186398938298225,0.06631779670715332,0.9999825954437256,5.8175264712190256e-06,1.1635052942438051e-05,1,36.186398938298225
2013-02-13,fold_3,Eurozone debt plateau,0.004118485376238823,1,-0.0005645840428769588,-1,-0.0005645840428769588,0.06571578979492188,0.9999784231185913,7.197840659500798e-06,1.4395681319001596e-05,0,-5.6458404287695885
2013-02-14,fold_3,Eurozone debt plateau,0.002158752176910639,1,-0.00681004673242569,-1,-0.00681004673242569,0.05845820903778076,0.999962568283081,1.2478796634241007e-05,2.4957593268482015e-05,0,-68.1004673242569
2013-02-15,fold_3,Eurozone debt plateau,0.0028040949255228043,1,-0.0006672476301901042,-1,-0.0006672476301901042,0.05775189399719238,0.9999641180038452,1.1969251318078022e-05,2.3938502636156045e-05,0,-6.6724763019010425
2013-02-19,fold_3,Eurozone debt plateau,0.0036156324204057455,1,0.003643653355538845,1,0.003643653355538845,0.06160593032836914,0.9999793767929077,6.865137038403191e-06,1.3730274076806381e-05,1,36.43653355538845
2013-02-20,fold_3,Eurozone debt plateau,0.0006992222042754292,1,-0.009158467873930931,-1,-0.009158467873930931,0.05188322067260742,0.9999741315841675,8.615514161647297e-06,1.7231028323294595e-05,0,-91.58467873930931
2013-02-21,fold_3,Eurozone debt plateau,0.0006700141238979995,1,-0.005937489680945873,-1,-0.005937489680945873,0.04563760757446289,0.9999254941940308,2.4847331587807275e-05,4.969466317561455e-05,0,-59.37489680945873
2013-02-22,fold_3,Eurozone debt plateau,0.002345580607652664,1,0.00011880857346113771,1,0.00011880857346113771,0.045761942863464355,0.9999812841415405,6.235559794731671e-06,1.2471119589463342e-05,1,1.1880857346113771
2013-02-25,fold_3,Eurozone debt plateau,0.0044039892964065075,1,-0.009916401468217373,-1,-0.009916401468217373,0.03539168834686279,0.9999700784683228,9.983730706153437e-06,1.9967461412306875e-05,0,-99.16401468217373
2013-02-26,fold_3,Eurozone debt plateau,0.0009139453177340329,1,6.532984116347507e-05,1,6.532984116347507e-05,0.035459280014038086,0.9999635219573975,1.2166052329121158e-05,2.4332104658242315e-05,1,0.6532984116347507
2013-02-27,fold_3,Eurozone debt plateau,0.006236751563847065,1,0.006509747821837664,1,0.006509747821837664,0.04219985008239746,0.9999415874481201,1.9451073967502452e-05,3.8902147935004905e-05,1,65.09747821837664
2013-02-28,fold_3,Eurozone debt plateau,0.002996642841026187,1,-0.006921785417944193,-1,-0.006921785417944193,0.034986019134521484,0.9999626874923706,1.2435336429916788e-05,2.4870672859833576e-05,0,-69.21785417944193
2013-03-01,fold_3,Eurozone debt plateau,0.0026141819544136524,1,-0.003293330315500498,-1,-0.003293330315500498,0.031577467918395996,0.9999415874481201,1.9467583115329035e-05,3.893516623065807e-05,0,-32.93330315500498
2013-03-04,fold_3,Eurozone debt plateau,0.006273655686527491,1,0.0014731583651155233,1,0.0014731583651155233,0.033097147941589355,0.9999876022338867,4.121182882954599e-06,8.242365765909199e-06,1,14.731583651155233
2013-03-05,fold_3,Eurozone debt plateau,0.005114405415952206,1,0.0009524957276880741,1,0.0009524957276880741,0.034081101417541504,0.9999808073043823,6.398759978765156e-06,1.2797519957530312e-05,1,9.524957276880741
2013-03-06,fold_3,Eurozone debt plateau,0.0008811768493615091,1,-0.0053601814433932304,-1,-0.0053601814433932304,0.028538227081298828,0.9999819993972778,6.015542112436378e-06,1.2031084224872757e-05,0,-53.601814433932304
2013-03-07,fold_3,Eurozone debt plateau,0.005692401900887489,1,0.010226847603917122,1,0.010226847603917122,0.03905689716339111,0.9999808073043823,6.410138666979037e-06,1.2820277333958074e-05,1,102.26847603917122
2013-03-08,fold_3,Eurozone debt plateau,-0.004147180821746588,-1,-0.009403315372765064,-1,0.009403315372765064,0.048827528953552246,0.9999850988388062,4.959237685397966e-06,9.918475370795932e-06,1,94.03315372765064
2013-03-11,fold_3,Eurozone debt plateau,0.002529402496293187,1,0.0034406150225549936,1,0.0034406150225549936,0.052436113357543945,0.9999872446060181,4.249755875207484e-06,8.499511750414968e-06,1,34.406150225549936
2013-03-12,fold_3,Eurozone debt plateau,0.0031278671231120825,1,-0.0002605045447126031,-1,-0.0002605045447126031,0.05216193199157715,0.99997878074646,7.076998372212984e-06,1.4153996744425967e-05,0,-2.605045447126031
2013-03-13,fold_3,Eurozone debt plateau,-0.0002531493082642555,-1,-0.005442651454359293,-1,0.005442651454359293,0.05788850784301758,0.9999806880950928,6.441026016545948e-06,1.2882052033091895e-05,1,54.42651454359293
2013-03-14,fold_3,Eurozone debt plateau,0.0068391771055758,1,0.004164100158959627,1,0.004164100158959627,0.0622936487197876,0.999967098236084,1.0966845366056077e-05,2.1933690732112154e-05,1,41.64100158959627
2013-03-15,fold_3,Eurozone debt plateau,0.004588903393596411,1,-0.009192564524710178,-1,-0.009192564524710178,0.05252838134765625,0.9999845027923584,5.1678639465535525e-06,1.0335727893107105e-05,0,-91.92564524710178
2013-03-18,fold_3,Eurozone debt plateau,0.000547830481082201,1,0.004051790572702885,1,0.004051790572702885,0.0567929744720459,0.9999799728393555,6.66893356537912e-06,1.333786713075824e-05,1,40.51790572702885
2013-03-19,fold_3,Eurozone debt plateau,0.0008125765598379076,1,-0.006264734081923962,-1,-0.006264734081923962,0.05017244815826416,0.9999655485153198,1.147068996942835e-05,2.29413799388567e-05,0,-62.647340819239616
2013-03-21,fold_3,Eurozone debt plateau,0.00341202924028039,1,-0.002839107299223542,-1,-0.002839107299223542,0.04719090461730957,0.9999901056289673,3.2975742669805186e-06,6.595148533961037e-06,0,-28.391072992235422
2013-03-22,fold_3,Eurozone debt plateau,0.005531154107302427,1,0.0092341098934412,1,0.0092341098934412,0.05686068534851074,0.9999703168869019,9.883920029096771e-06,1.9767840058193542e-05,1,92.341098934412
2013-03-25,fold_3,Eurozone debt plateau,-0.0005850513698533177,-1,-0.012717006728053093,-1,0.012717006728053093,0.07030081748962402,0.9999675750732422,1.079150661098538e-05,2.158301322197076e-05,1,127.17006728053093
2013-03-26,fold_3,Eurozone debt plateau,0.0028326951432973146,1,0.00012858747504651546,1,0.00012858747504651546,0.07043850421905518,0.9999850988388062,4.979555797035573e-06,9.959111594071146e-06,1,1.2858747504651546
2013-03-27,fold_3,Eurozone debt plateau,0.001255328650586307,1,-0.0063889650627970695,-1,-0.0063889650627970695,0.06359946727752686,0.9999837875366211,5.403084742283681e-06,1.0806169484567363e-05,0,-63.889650627970695
2013-03-28,fold_3,Eurozone debt plateau,0.006575779523700476,1,0.002973254071548581,1,0.002973254071548581,0.06676173210144043,0.9999804496765137,6.50054425932467e-06,1.300108851864934e-05,1,29.73254071548581
2013-04-01,fold_3,Eurozone debt plateau,0.007154140155762434,1,0.0034695772919803858,1,0.0034695772919803858,0.07046294212341309,0.9999823570251465,5.8623463701223955e-06,1.1724692740244791e-05,1,34.69577291980386
2013-04-02,fold_3,Eurozone debt plateau,0.00037670283927582204,1,-0.0023077132645994425,-1,-0.0023077132645994425,0.06799256801605225,0.999977707862854,7.440718945872504e-06,1.4881437891745009e-05,0,-23.077132645994425
2013-04-03,fold_3,Eurozone debt plateau,0.004070053808391094,1,0.002313051139935851,1,0.002313051139935851,0.07046282291412354,0.9999909400939941,3.0037467695365194e-06,6.007493539073039e-06,1,23.13051139935851
2013-04-04,fold_3,Eurozone debt plateau,0.0027780800592154264,1,0.006076161749660969,1,0.006076161749660969,0.07696723937988281,0.9999829530715942,5.69291842111852e-06,1.138583684223704e-05,1,60.76161749660969
2013-04-05,fold_3,Eurozone debt plateau,0.0034453868865966797,1,0.004937021527439356,1,0.004937021527439356,0.08228433132171631,0.9999722242355347,9.25108997762436e-06,1.850217995524872e-05,1,49.37021527439356
2013-04-08,fold_3,Eurozone debt plateau,0.0005945004522800446,1,0.0028665303252637386,1,0.0028665303252637386,0.08538675308227539,0.9999710321426392,9.657491318648681e-06,1.9314982637297362e-05,1,28.665303252637386
2013-04-09,fold_3,Eurozone debt plateau,0.006826493423432112,1,0.003910965286195278,1,0.003910965286195278,0.08963167667388916,0.9999827146530151,5.748921921622241e-06,1.1497843843244482e-05,1,39.10965286195278
2013-04-10,fold_3,Eurozone debt plateau,-0.0002414216287434101,-1,-0.0019061239436268806,-1,0.0019061239436268806,0.09170866012573242,0.9999850988388062,4.975718184141442e-06,9.951436368282884e-06,1,19.061239436268806
2013-04-11,fold_3,Eurozone debt plateau,0.0030035211239010096,1,0.00455083604902029,1,0.00455083604902029,0.09667682647705078,0.9999790191650391,6.996188403718406e-06,1.3992376807436813e-05,1,45.508360490202904
2013-04-12,fold_3,Eurozone debt plateau,-0.0006588384858332574,-1,-0.001178935170173645,-1,0.001178935170173645,0.09796977043151855,0.9999812841415405,6.251691957004368e-06,1.2503383914008737e-05,1,11.78935170173645
2013-04-15,fold_3,Eurozone debt plateau,0.0014882410177960992,1,-0.0034072035923600197,-1,-0.0034072035923600197,0.09422874450683594,0.999967098236084,1.0980522347381338e-05,2.1961044694762677e-05,0,-34.0720359236002
2013-04-16,fold_3,Eurozone debt plateau,0.004236923065036535,1,0.009501743130385876,1,0.009501743130385876,0.10462582111358643,0.9999614953994751,1.2823387805838138e-05,2.5646775611676276e-05,1,95.01743130385876
2013-04-17,fold_3,Eurozone debt plateau,-0.009229972958564758,-1,-0.010910171084105968,-1,0.010910171084105968,0.11667740345001221,0.9999769926071167,7.685241143917665e-06,1.537048228783533e-05,1,109.10171084105968
2013-04-18,fold_3,Eurozone debt plateau,0.002696197247132659,1,0.0013966822298243642,1,0.0013966822298243642,0.11823701858520508,0.9999861717224121,4.613411419995828e-06,9.226822839991655e-06,1,13.966822298243642
2013-04-19,fold_3,Eurozone debt plateau,0.00041582147241570055,1,0.0001958034554263577,1,0.0001958034554263577,0.11845600605010986,0.9999827146530151,5.772139957116451e-06,1.1544279914232902e-05,1,1.9580345542635769
2013-04-22,fold_3,Eurozone debt plateau,0.0025954514276236296,1,0.0004571809549815953,1,0.0004571809549815953,0.11896729469299316,0.9999794960021973,6.8437175286817364e-06,1.3687435057363473e-05,1,4.571809549815953
2013-04-23,fold_3,Eurozone debt plateau,-0.002053137170150876,-1,-0.005145795177668333,-1,0.005145795177668333,0.12472522258758545,0.9999797344207764,6.768732419004664e-06,1.3537464838009328e-05,1,51.45795177668333
2013-04-24,fold_3,Eurozone debt plateau,0.0024699124041944742,1,0.0017703734338283539,1,0.0017703734338283539,0.12671637535095215,0.9999884366989136,3.843217655230546e-06,7.686435310461093e-06,1,17.70373433828354
2013-04-25,fold_3,Eurozone debt plateau,0.0030317697674036026,1,-0.0007805071654729545,-1,-0.0007805071654729545,0.12583696842193604,0.999967098236084,1.0976904377457686e-05,2.195380875491537e-05,0,-7.805071654729545
2013-04-26,fold_3,Eurozone debt plateau,0.0039043829310685396,1,0.0027129673399031162,1,0.0027129673399031162,0.12889134883880615,0.9999691247940063,1.0292024853697512e-05,2.0584049707395025e-05,1,27.129673399031162
2013-04-30,fold_3,Eurozone debt plateau,0.007423711009323597,1,0.005530692171305418,1,0.005530692171305418,0.13513493537902832,0.9999843835830688,5.215850706008496e-06,1.0431701412016992e-05,1,55.30692171305418
2013-05-01,fold_3,Eurozone debt plateau,0.0018071910599246621,1,0.0010545552941039205,1,0.0010545552941039205,0.13633191585540771,0.9999725818634033,9.116607543546706e-06,1.8233215087093413e-05,1,10.545552941039205
2013-05-02,fold_3,Eurozone debt plateau,-0.0016990365693345666,-1,-0.00888423714786768,-1,0.00888423714786768,0.14642727375030518,0.999983549118042,5.491460342454957e-06,1.0982920684909914e-05,1,88.8423714786768
2013-05-07,fold_3,Eurozone debt plateau,0.003964881878346205,1,0.0005231635295785964,1,0.0005231635295785964,0.1470271348953247,0.9999845027923584,5.160848104424076e-06,1.0321696208848152e-05,1,5.2316352957859635
2013-05-08,fold_3,Eurozone debt plateau,0.004063642118126154,1,0.00644897622987628,1,0.00644897622987628,0.15442430973052979,0.9999834299087524,5.5398577387677506e-06,1.1079715477535501e-05,1,64.4897622987628
2013-05-09,fold_3,Eurozone debt plateau,-0.009492839686572552,-1,-0.009645446203649044,-1,0.009645446203649044,0.1655592918395996,0.9999856948852539,4.755175723403227e-06,9.510351446806453e-06,1,96.45446203649044
2013-05-10,fold_3,Eurozone debt plateau,-0.000280754262348637,-1,-0.005302789621055126,-1,0.005302789621055126,0.17174005508422852,0.9999735355377197,8.798290764389094e-06,1.7596581528778188e-05,1,53.02789621055126
2013-05-13,fold_3,Eurozone debt plateau,0.0011554338270798326,1,0.0017533899517729878,1,0.0017533899517729878,0.17379462718963623,0.9999756813049316,8.103700565698091e-06,1.6207401131396182e-05,1,17.53389951772988
2013-05-14,fold_3,Eurozone debt plateau,-0.001601874246262014,-1,-0.003920002840459347,-1,0.003920002840459347,0.17839586734771729,0.9999721050262451,9.291680726164486e-06,1.8583361452328973e-05,1,39.20002840459347
2013-05-15,fold_3,Eurozone debt plateau,0.0014790806453675032,1,-0.004225410986691713,-1,-0.004225410986691713,0.1734166145324707,0.9999653100967407,1.154183155449573e-05,2.308366310899146e-05,0,-42.25410986691713
2013-05-16,fold_3,Eurozone debt plateau,0.0023501873947679996,1,6.449774082284421e-05,1,6.449774082284421e-05,0.17349231243133545,0.9999822378158569,5.929672624915838e-06,1.1859345249831676e-05,1,0.6449774082284421
2013-05-17,fold_3,Eurozone debt plateau,-0.002992211375385523,-1,-0.003696675878018141,-1,0.003696675878018141,0.17783033847808838,0.9999687671661377,1.0405698958493304e-05,2.0811397916986607e-05,1,36.96675878018141
2013-05-20,fold_3,Eurozone debt plateau,0.0037417009007185698,1,0.004318435210734606,1,0.004318435210734606,0.1829167604446411,0.9999817609786987,6.089468115533236e-06,1.2178936231066473e-05,1,43.18435210734606
2013-05-21,fold_3,Eurozone debt plateau,9.519392915535718e-05,1,0.002170462626963854,1,0.002170462626963854,0.1854841709136963,0.9999696016311646,1.0136589480680414e-05,2.0273178961360827e-05,1,21.70462626963854
2013-05-22,fold_3,Eurozone debt plateau,-0.0038853816222399473,-1,-0.005958682391792536,-1,0.005958682391792536,0.19254803657531738,0.9999667406082153,1.1074084795836825e-05,2.214816959167365e-05,1,59.58682391792536
2013-05-23,fold_3,Eurozone debt plateau,0.0018292665481567383,1,0.006462528370320797,1,0.006462528370320797,0.2002549171447754,0.9999790191650391,6.977183602430159e-06,1.3954367204860318e-05,1,64.62528370320797
2013-05-24,fold_3,Eurozone debt plateau,-0.0014645691262558103,-1,0.0009831828065216541,1,-0.0009831828065216541,0.1990748643875122,0.9999769926071167,7.655517947569024e-06,1.5311035895138048e-05,0,-9.831828065216541
2013-05-28,fold_3,Eurozone debt plateau,-0.0021168936509639025,-1,-0.006770005449652672,-1,0.006770005449652672,0.20719265937805176,0.9999616146087646,1.277963110624114e-05,2.555926221248228e-05,1,67.70005449652672
2013-05-29,fold_3,Eurozone debt plateau,0.004823770374059677,1,0.007898152805864811,1,0.007898152805864811,0.2167273759841919,0.9999734163284302,8.86263296706602e-06,1.772526593413204e-05,1,78.98152805864811
2013-05-30,fold_3,Eurozone debt plateau,0.0032138649839907885,1,0.007421950809657574,1,0.007421950809657574,0.22575783729553223,0.9999748468399048,8.373335731448606e-06,1.674667146289721e-05,1,74.21950809657574
2013-05-31,fold_3,Eurozone debt plateau,-0.0025306069292128086,-1,-0.0036389913875609636,-1,0.0036389913875609636,0.2302182912826538,0.9999735355377197,8.80277730175294e-06,1.760555460350588e-05,1,36.389913875609636
2013-06-03,fold_3,Eurozone debt plateau,0.0057287695817649364,1,0.005882744211703539,1,0.005882744211703539,0.2374553680419922,0.9999842643737793,5.244928615866229e-06,1.0489857231732458e-05,1,58.82744211703539
2013-06-04,fold_3,Eurozone debt plateau,-0.0012130405521020293,-1,3.9302009099628776e-05,1,-3.9302009099628776e-05,0.23740673065185547,0.9999890327453613,3.6556773466145387e-06,7.311354693229077e-06,0,-0.39302009099628776
2013-06-05,fold_3,Eurozone debt plateau,0.0017441794043406844,1,0.0015187669778242707,1,0.0015187669778242707,0.23928606510162354,0.9999902248382568,3.2381883556809044e-06,6.476376711361809e-06,1,15.187669778242707
2013-06-06,fold_3,Eurozone debt plateau,0.007056370377540588,1,0.011629591695964336,1,0.011629591695964336,0.253698468208313,0.9999785423278809,7.163368081819499e-06,1.4326736163638998e-05,1,116.29591695964336
2013-06-07,fold_3,Eurozone debt plateau,-0.003176035126671195,-1,-0.0016265598824247718,-1,0.0016265598824247718,0.2557377815246582,0.9999727010726929,9.089849299925845e-06,1.817969859985169e-05,1,16.265598824247718
2013-06-10,fold_3,Eurozone debt plateau,0.0024449520278722048,1,0.0,1,0.0,0.2557377815246582,0.9999750852584839,8.31007582746679e-06,1.662015165493358e-05,0,0.0
2013-06-11,fold_3,Eurozone debt plateau,0.00458704074844718,1,0.0,1,0.0,0.2557377815246582,0.9999855756759644,4.8070610318973195e-06,9.614122063794639e-06,0,0.0
2013-06-12,fold_3,Eurozone debt plateau,-0.0010591830359771848,-1,0.008737497963011265,1,-0.008737497963011265,0.2447657585144043,0.99997878074646,7.051503416732885e-06,1.410300683346577e-05,0,-87.37497963011265
2013-06-13,fold_3,Eurozone debt plateau,-0.0023156197275966406,-1,0.002125462982803583,1,-0.002125462982803583,0.24212002754211426,0.9999814033508301,6.185329311847454e-06,1.2370658623694908e-05,0,-21.25462982803583
2013-06-14,fold_3,Eurozone debt plateau,-0.0024943698663264513,-1,-0.0014417035272344947,-1,0.0014417035272344947,0.2439107894897461,0.9999752044677734,8.271275873994455e-06,1.654255174798891e-05,1,14.417035272344947
2013-06-17,fold_3,Eurozone debt plateau,-0.0015473624225705862,-1,0.001082459231838584,1,-0.001082459231838584,0.24256432056427002,0.9999762773513794,7.892212124716025e-06,1.578442424943205e-05,0,-10.82459231838584
2013-06-18,fold_3,Eurozone debt plateau,-0.00290689617395401,-1,0.0020085156429558992,1,-0.0020085156429558992,0.24006867408752441,0.9999698400497437,1.0032420505012851e-05,2.0064841010025702e-05,0,-20.085156429558992
2013-06-19,fold_3,Eurozone debt plateau,-0.007813014090061188,-1,-0.007323887664824724,-1,0.007323887664824724,0.24915075302124023,0.9999842643737793,5.239333404460922e-06,1.0478666808921844e-05,1,73.23887664824724
2013-06-20,fold_3,Eurozone debt plateau,-0.0065106237307190895,-1,-0.004235328175127506,-1,0.004235328175127506,0.25444138050079346,0.9999806880950928,6.433413091144757e-06,1.2866826182289515e-05,1,42.35328175127506
2013-06-21,fold_3,Eurozone debt plateau,-0.006512332241982222,-1,-0.009842113591730595,-1,0.009842113591730595,0.2667877674102783,0.9999798536300659,6.7083333306072745e-06,1.3416666661214549e-05,1,98.42113591730595
2013-06-24,fold_3,Eurozone debt plateau,-0.004618901293724775,-1,0.002061850391328335,1,-0.002061850391328335,0.2641758918762207,0.9999901056289673,3.314643663543393e-06,6.629287327086786e-06,0,-20.618503913283348
2013-06-25,fold_3,Eurozone debt plateau,-0.004846365191042423,-1,-0.004002472851425409,-1,0.004002472851425409,0.2692357301712036,0.9999814033508301,6.183730420161737e-06,1.2367460840323474e-05,1,40.02472851425409
2013-06-26,fold_3,Eurozone debt plateau,-0.004397098906338215,-1,-0.00507523724809289,-1,0.00507523724809289,0.27567732334136963,0.9999665021896362,1.1163598173880018e-05,2.2327196347760037e-05,1,50.7523724809289
2013-06-27,fold_3,Eurozone debt plateau,-0.002741193166002631,-1,0.0017338114557787776,1,-0.0017338114557787776,0.27346551418304443,0.9999850988388062,4.9765299081627745e-06,9.953059816325549e-06,0,-17.338114557787776
2015-04-15,fold_4,Strong USD downturn,0.0004034021112602204,1,0.0027866659220308065,1,0.0027866659220308065,0.0027866363525390625,0.9999740123748779,8.666842404636554e-06,1.733368480927311e-05,1,27.866659220308065
2015-04-16,fold_4,Strong USD downturn,0.005125592928379774,1,0.007378339767456055,1,0.007378339767456055,0.010185480117797852,0.9999786615371704,7.1083609327615704e-06,1.4216721865523141e-05,1,73.78339767456055
2015-04-17,fold_4,Strong USD downturn,-0.0028977268375456333,-1,0.0050807795487344265,1,-0.0050807795487344265,0.005052924156188965,0.9999768733978271,7.710679710726254e-06,1.5421359421452507e-05,0,-50.807795487344265
2015-04-20,fold_4,Strong USD downturn,-0.004560931585729122,-1,-0.005803639534860849,-1,0.005803639534860849,0.010885834693908691,0.9999822378158569,5.9002122725360096e-06,1.1800424545072019e-05,1,58.036395348608494
2015-04-21,fold_4,Strong USD downturn,-0.0013189370511099696,-1,-0.0005370663129724562,-1,0.0005370663129724562,0.01142871379852295,0.9999892711639404,3.5700504668056965e-06,7.140100933611393e-06,1,5.370663129724562
2015-04-22,fold_4,Strong USD downturn,-0.000524063128978014,-1,-0.0014802230289205909,-1,0.0014802230289205909,0.012925863265991211,0.9999879598617554,3.997011390310945e-06,7.99402278062189e-06,1,14.802230289205909
2015-04-23,fold_4,Strong USD downturn,0.0042928787879645824,1,0.008316786028444767,1,0.008316786028444767,0.02135014533996582,0.9999879598617554,4.011893452116055e-06,8.02378690423211e-06,1,83.16786028444767
2015-04-24,fold_4,Strong USD downturn,0.0016258817631751299,1,0.004988814238458872,1,0.004988814238458872,0.026445388793945312,0.9999892711639404,3.5704740639630472e-06,7.1409481279260945e-06,1,49.88814238458872
2015-04-27,fold_4,Strong USD downturn,-0.0009740187088027596,-1,0.0008267566445283592,1,-0.0008267566445283592,0.0255967378616333,0.999985933303833,4.68548250864842e-06,9.37096501729684e-06,0,-8.267566445283592
2015-04-28,fold_4,Strong USD downturn,0.003277358366176486,1,0.0083804065361619,1,0.0083804065361619,0.03419160842895508,0.9999897480010986,3.4059223708027275e-06,6.811844741605455e-06,1,83.804065361619
2015-04-30,fold_4,Strong USD downturn,-0.0037810758221894503,-1,0.009027745574712753,1,-0.009027745574712753,0.02485525608062744,0.9999912977218628,2.8895778996229637e-06,5.7791557992459275e-06,0,-90.27745574712753
2015-05-01,fold_4,Strong USD downturn,-0.010415129363536835,-1,-0.002561562927439809,-1,0.002561562927439809,0.027480483055114746,0.9999743700027466,8.553995030524675e-06,1.710799006104935e-05,1,25.61562927439809
2015-05-07,fold_4,Strong USD downturn,-0.00859407614916563,-1,-0.008334004320204258,-1,0.008334004320204258,0.036043524742126465,0.999977707862854,7.413255843857769e-06,1.4826511687715538e-05,1,83.34004320204258
2015-05-08,fold_4,Strong USD downturn,-0.003964690957218409,-1,-0.004701511934399605,-1,0.004701511934399605,0.04091453552246094,0.9999760389328003,7.98400378698716e-06,1.596800757397432e-05,1,47.01511934399605
2015-05-11,fold_4,Strong USD downturn,-0.005245543085038662,-1,-0.0044355494901537895,-1,0.0044355494901537895,0.045531511306762695,0.99997878074646,7.058230494294548e-06,1.4116460988589097e-05,1,44.355494901537895
2015-05-12,fold_4,Strong USD downturn,9.332849003840238e-05,1,0.006912466138601303,1,0.006912466138601303,0.05275869369506836,0.9999822378158569,5.908386356168194e-06,1.1816772712336387e-05,1,69.12466138601303
2015-05-13,fold_4,Strong USD downturn,0.0024658609181642532,1,0.011498061008751392,1,0.011498061008751392,0.06486344337463379,0.9999858140945435,4.713901944342069e-06,9.427803888684139e-06,1,114.98061008751392
2015-05-14,fold_4,Strong USD downturn,0.0005333819426596165,1,0.0048014628700912,1,0.0048014628700912,0.06997644901275635,0.9999822378158569,5.923612661717925e-06,1.184722532343585e-05,1,48.014628700912
2015-05-15,fold_4,Strong USD downturn,0.00032785136136226356,1,0.0035136754158884287,1,0.0035136754158884287,0.07373607158660889,0.9999856948852539,4.757068836624967e-06,9.514137673249934e-06,1,35.13675415888429
2015-05-18,fold_4,Strong USD downturn,-0.008393115364015102,-1,-0.010386107489466667,-1,0.010386107489466667,0.08488798141479492,0.9999842643737793,5.234601758274948e-06,1.0469203516549896e-05,1,103.86107489466667
2015-05-19,fold_4,Strong USD downturn,-0.010202271863818169,-1,-0.015850599855184555,-1,0.015850599855184555,0.10208404064178467,0.9999833106994629,5.555989446293097e-06,1.1111978892586194e-05,1,158.50599855184555
2015-05-20,fold_4,Strong USD downturn,-0.0045103104785084724,-1,-0.004118285607546568,-1,0.004118285607546568,0.10662281513214111,0.9999878406524658,4.060791070514824e-06,8.121582141029648e-06,1,41.18285607546568
2015-05-21,fold_4,Strong USD downturn,-0.000680572004057467,-1,0.001000001560896635,1,-0.001000001560896635,0.10551619529724121,0.9999836683273315,5.453930498333648e-06,1.0907860996667296e-05,0,-10.00001560896635
2015-05-22,fold_4,Strong USD downturn,-0.010232838802039623,-1,-0.010696151293814182,-1,0.010696151293814182,0.1173410415649414,0.9999806880950928,6.4307969296351075e-06,1.2861593859270215e-05,1,106.96151293814182
2015-05-26,fold_4,Strong USD downturn,-0.012978920713067055,-1,-0.007502323482185602,-1,0.007502323482185602,0.1257237195968628,0.9999747276306152,8.440347301075235e-06,1.688069460215047e-05,1,75.02323482185602
2015-05-27,fold_4,Strong USD downturn,-0.0024906285107135773,-1,0.0010246067540720105,1,-0.0010246067540720105,0.12457025051116943,0.9999904632568359,3.176738573529292e-06,6.353477147058584e-06,0,-10.246067540720105
2015-05-28,fold_4,Strong USD downturn,0.0002994309179484844,1,0.005534912459552288,1,0.005534912459552288,0.13079464435577393,0.9999760389328003,7.984171134012286e-06,1.596834226802457e-05,1,55.34912459552288
2015-05-29,fold_4,Strong USD downturn,-0.0013407686492428184,-1,-0.0002191598032368347,-1,0.0002191598032368347,0.13104236125946045,0.9999809265136719,6.353273420245387e-06,1.2706546840490773e-05,1,2.191598032368347
2015-06-01,fold_4,Strong USD downturn,-0.004050395451486111,-1,-0.0031894471030682325,-1,0.0031894471030682325,0.13464975357055664,0.9999897480010986,3.4320371469220845e-06,6.864074293844169e-06,1,31.894471030682325
2015-06-02,fold_4,Strong USD downturn,0.009915652684867382,1,0.020783551037311554,1,0.020783551037311554,0.15823185443878174,0.9999866485595703,4.448150775715476e-06,8.896301551430952e-06,1,207.83551037311554
2015-06-03,fold_4,Strong USD downturn,-0.0018503776518628001,-1,0.009670482017099857,1,-0.009670482017099857,0.14703118801116943,0.9999889135360718,3.7001077544118743e-06,7.400215508823749e-06,0,-96.70482017099857
2015-06-04,fold_4,Strong USD downturn,-0.00454050162807107,-1,-0.004438275005668402,-1,0.004438275005668402,0.15212202072143555,0.9999719858169556,9.3252883743844e-06,1.86505767487688e-05,1,44.38275005668402
2015-06-05,fold_4,Strong USD downturn,-0.00868628453463316,-1,-0.008897615596652031,-1,0.008897615596652031,0.16237318515777588,0.9999808073043823,6.397287961590337e-06,1.2794575923180673e-05,1,88.97615596652031
2015-06-08,fold_4,Strong USD downturn,0.004853241145610809,1,0.015556452795863152,1,0.015556452795863152,0.18045556545257568,0.9999825954437256,5.798691290692659e-06,1.1597382581385318e-05,1,155.56452795863152
2015-06-09,fold_4,Strong USD downturn,-0.0029096610378473997,-1,0.0016044342191889882,1,-0.0016044342191889882,0.17856156826019287,0.9999828338623047,5.733189482270973e-06,1.1466378964541946e-05,0,-16.044342191889882
2015-06-10,fold_4,Strong USD downturn,0.0014383792877197266,1,0.0011425005504861474,1,0.0011425005504861474,0.17990803718566895,0.9999762773513794,7.90752255852567e-06,1.581504511705134e-05,1,11.425005504861474
2015-06-11,fold_4,Strong USD downturn,-0.00400912668555975,-1,-0.006306036841124296,-1,0.006306036841124296,0.1873486042022705,0.9999784231185913,7.2015041041595396e-06,1.4403008208319079e-05,1,63.06036841124296
2015-06-12,fold_4,Strong USD downturn,0.0003730843891389668,1,-0.0018400050466880202,-1,-0.0018400050466880202,0.18516385555267334,0.9999923706054688,2.5545712105667917e-06,5.109142421133583e-06,0,-18.400050466880202
2015-06-15,fold_4,Strong USD downturn,0.0004171467444393784,1,0.005085863173007965,1,0.005085863173007965,0.1911914348602295,0.9999877214431763,4.074000571563374e-06,8.148001143126749e-06,1,50.85863173007965
2015-06-16,fold_4,Strong USD downturn,-0.002767370780929923,-1,-0.0031028008088469505,-1,0.0031028008088469505,0.19488739967346191,0.9999915361404419,2.8042597932653734e-06,5.608519586530747e-06,1,31.028008088469505
2015-06-17,fold_4,Strong USD downturn,0.005638803821057081,1,0.011381383053958416,1,0.011381383053958416,0.2084869146347046,0.9999783039093018,7.220190127554815e-06,1.444038025510963e-05,1,113.81383053958416
2015-06-18,fold_4,Strong USD downturn,8.428003638982773e-05,1,6.814974767621607e-05,1,6.814974767621607e-05,0.20856928825378418,0.999982476234436,5.82145321459393e-06,1.164290642918786e-05,1,0.6814974767621607
2015-06-19,fold_4,Strong USD downturn,0.00015970105596352369,1,0.0001934272440848872,1,0.0001934272440848872,0.2088031768798828,0.9999880790710449,3.952651695726672e-06,7.905303391453344e-06,1,1.934272440848872
2015-06-22,fold_4,Strong USD downturn,-0.003568587824702263,-1,-0.0020996162202209234,-1,0.0020996162202209234,0.2113412618637085,0.9999841451644897,5.283035079628462e-06,1.0566070159256924e-05,1,20.996162202209234
2015-06-23,fold_4,Strong USD downturn,-0.012723715975880623,-1,-0.01558514405041933,-1,0.01558514405041933,0.23022019863128662,0.9999816417694092,6.102998213464161e-06,1.2205996426928323e-05,1,155.8514405041933
2015-06-24,fold_4,Strong USD downturn,-0.001202768529765308,-1,0.0031154805328696966,1,-0.0031154805328696966,0.22638750076293945,0.9999856948852539,4.752813765662722e-06,9.505627531325445e-06,0,-31.154805328696966
2015-06-25,fold_4,Strong USD downturn,-0.0027385384310036898,-1,-0.0003584684163797647,-1,0.0003584684163797647,0.22682714462280273,0.9999942779541016,1.9121707737213e-06,3.8243415474426e-06,1,3.5846841637976468
2015-06-26,fold_4,Strong USD downturn,-0.004930614959448576,-1,-0.02034766413271427,-1,0.02034766413271427,0.25179028511047363,0.9999887943267822,3.736990038305521e-06,7.473980076611042e-06,1,203.47664132714272
2015-06-29,fold_4,Strong USD downturn,0.0032780386973172426,1,0.02259182743728161,1,0.02259182743728161,0.28007054328918457,0.9999767541885376,7.758453648420982e-06,1.5516907296841964e-05,1,225.9182743728161
2015-06-30,fold_4,Strong USD downturn,-0.00987145584076643,-1,-0.007839072495698929,-1,0.007839072495698929,0.29010510444641113,0.9999852180480957,4.905208697891794e-06,9.810417395783588e-06,1,78.39072495698929
2015-07-01,fold_4,Strong USD downturn,-0.0042339167557656765,-1,-0.009102738462388515,-1,0.009102738462388515,0.30184853076934814,0.999985933303833,4.705258106696419e-06,9.410516213392839e-06,1,91.02738462388515
2015-07-02,fold_4,Strong USD downturn,0.0012294912012293935,1,0.004833896644413471,1,0.004833896644413471,0.3081415891647339,0.9999842643737793,5.256531039776746e-06,1.0513062079553492e-05,1,48.33896644413471
2015-07-06,fold_4,Strong USD downturn,0.0003689196892082691,1,0.00490582687780261,1,0.00490582687780261,0.31455910205841064,0.9999815225601196,6.153050435386831e-06,1.2306100870773662e-05,1,49.058268778026104
2015-07-07,fold_4,Strong USD downturn,-0.005613130982965231,-1,-0.003534203628078103,-1,0.003534203628078103,0.31920504570007324,0.9999791383743286,6.938882961549098e-06,1.3877765923098195e-05,1,35.34203628078103
2015-07-08,fold_4,Strong USD downturn,0.005547267850488424,1,0.005546563304960728,1,0.005546563304960728,0.3265221118927002,0.9999723434448242,9.196344763040543e-06,1.8392689526081085e-05,1,55.46563304960728
2015-07-09,fold_4,Strong USD downturn,-0.0016154590994119644,-1,-0.0007190668839029968,-1,0.0007190668839029968,0.32747602462768555,0.9999771118164062,7.63487332733348e-06,1.526974665466696e-05,1,7.190668839029968
2015-07-10,fold_4,Strong USD downturn,0.006393307354301214,1,0.005965179298073053,1,0.005965179298073053,0.3353947401046753,0.9999821186065674,5.959677764622029e-06,1.1919355529244058e-05,1,59.651792980730534
2015-07-13,fold_4,Strong USD downturn,-0.007126608397811651,-1,-0.012452283874154091,-1,0.012452283874154091,0.3520233631134033,0.9999865293502808,4.4696766963170376e-06,8.939353392634075e-06,1,124.52283874154091
2015-07-14,fold_4,Strong USD downturn,0.0011389210121706128,1,0.0015961879398673773,1,0.0015961879398673773,0.35418152809143066,0.9999887943267822,3.72575755136495e-06,7.4515151027299e-06,1,15.961879398673773
2015-07-15,fold_4,Strong USD downturn,-0.006668599788099527,-1,-0.005854768678545952,-1,0.005854768678545952,0.362109899520874,0.9999914169311523,2.870440994229284e-06,5.740881988458568e-06,1,58.54768678545952
2015-07-16,fold_4,Strong USD downturn,-0.0067970603704452515,-1,-0.005257993470877409,-1,0.005257993470877409,0.3692718744277954,0.999984622001648,5.105624040879775e-06,1.021124808175955e-05,1,52.57993470877409
2015-07-17,fold_4,Strong USD downturn,-0.004685170482844114,-1,-0.005122730508446693,-1,0.005122730508446693,0.3762863874435425,0.9999852180480957,4.9307491281069815e-06,9.861498256213963e-06,1,51.227305084466934
2015-07-21,fold_4,Strong USD downturn,0.004429129883646965,1,0.00964904110878706,1,0.00964904110878706,0.38956618309020996,0.9999830722808838,5.658044301526388e-06,1.1316088603052776e-05,1,96.4904110878706
2015-07-22,fold_4,Strong USD downturn,-0.0029679040890187025,-1,-0.0011801107320934534,-1,0.0011801107320934534,0.39120590686798096,0.9999920129776001,2.6688396701501915e-06,5.337679340300383e-06,1,11.801107320934534
2015-07-23,fold_4,Strong USD downturn,0.003070027567446232,1,0.005670242477208376,1,0.005670242477208376,0.3990943431854248,0.9999865293502808,4.493362212087959e-06,8.986724424175918e-06,1,56.70242477208376
2015-07-24,fold_4,Strong USD downturn,-0.0003748411254491657,-1,-0.0015141702024266124,-1,0.0015141702024266124,0.40121281147003174,0.9999868869781494,4.355731562100118e-06,8.711463124200236e-06,1,15.141702024266124
2015-07-27,fold_4,Strong USD downturn,0.006746714003384113,1,0.010724127292633057,1,0.010724127292633057,0.41623950004577637,0.9999850988388062,4.981495749234455e-06,9.96299149846891e-06,1,107.24127292633057
2015-07-28,fold_4,Strong USD downturn,-0.002085285261273384,-1,-0.0021689776331186295,-1,0.0021689776331186295,0.4193112850189209,0.9999934434890747,2.16415924114699e-06,4.32831848229398e-06,1,21.689776331186295
2015-07-29,fold_4,Strong USD downturn,-0.000825929397251457,-1,-0.007403244264423847,-1,0.007403244264423847,0.4298187494277954,0.999990701675415,3.080059968851856e-06,6.160119937703712e-06,1,74.03244264423847
2015-07-30,fold_4,Strong USD downturn,-0.0030978915747255087,-1,-0.004080268554389477,-1,0.004080268554389477,0.43565285205841064,0.9999853372573853,4.888282091997098e-06,9.776564183994196e-06,1,40.80268554389477
2015-07-31,fold_4,Strong USD downturn,0.00010330947407055646,1,0.0027202083729207516,1,0.0027202083729207516,0.43955814838409424,0.9999850988388062,4.948768491885858e-06,9.897536983771715e-06,1,27.202083729207516
2015-08-03,fold_4,Strong USD downturn,-0.0005777977639809251,-1,-0.0011831811862066388,-1,0.0011831811862066388,0.4412614107131958,0.9999868869781494,4.370835995359812e-06,8.741671990719624e-06,1,11.831811862066388
2015-08-04,fold_4,Strong USD downturn,-0.003307955339550972,-1,-0.006119636818766594,-1,0.006119636818766594,0.45008134841918945,0.9999878406524658,4.034285211673705e-06,8.06857042334741e-06,1,61.19636818766594
2015-08-05,fold_4,Strong USD downturn,-0.0006088619120419025,-1,0.0012975219869986176,1,-0.0012975219869986176,0.4481998682022095,0.9999840259552002,5.312782832334051e-06,1.0625565664668102e-05,0,-12.975219869986176
2015-08-06,fold_4,Strong USD downturn,-0.0003764941357076168,-1,0.0021963249891996384,1,-0.0021963249891996384,0.4450191259384155,0.9999748468399048,8.386682566197123e-06,1.6773365132394247e-05,0,-21.963249891996384
2015-08-07,fold_4,Strong USD downturn,0.0027563690673559904,1,0.0034758939873427153,1,0.0034758939873427153,0.45004189014434814,0.9999865293502808,4.494719178183004e-06,8.989438356366009e-06,1,34.75893987342715
2015-08-10,fold_4,Strong USD downturn,0.003164971712976694,1,0.004737264011055231,1,0.004737264011055231,0.4569110870361328,0.9999868869781494,4.363782409200212e-06,8.727564818400424e-06,1,47.37264011055231
2015-08-11,fold_4,Strong USD downturn,-0.00041400184272788465,-1,0.0022746871691197157,1,-0.0022746871691197157,0.4535970687866211,0.9999922513961792,2.5907988856488373e-06,5.181597771297675e-06,0,-22.746871691197157
2015-08-12,fold_4,Strong USD downturn,0.007083941251039505,1,0.010770364664494991,1,0.010770364664494991,0.4692528247833252,0.999969482421875,1.0182164260186255e-05,2.036432852037251e-05,1,107.70364664494991
2015-08-13,fold_4,Strong USD downturn,-0.0004655208613257855,-1,0.0,1,-0.0,0.4692528247833252,0.9999878406524658,4.053983957419405e-06,8.10796791483881e-06,0,-0.0
2015-08-14,fold_4,Strong USD downturn,0.0005765861133113503,1,-0.0060900431126356125,-1,-0.0060900431126356125,0.46030497550964355,0.9999810457229614,6.319178737612674e-06,1.2638357475225348e-05,0,-60.900431126356125
2015-08-17,fold_4,Strong USD downturn,-0.0011779145570471883,-1,-0.0013515696628019214,-1,0.0013515696628019214,0.46227872371673584,0.9999841451644897,5.276569481793558e-06,1.0553138963587116e-05,1,13.515696628019214
2015-08-18,fold_4,Strong USD downturn,-0.0002650089736562222,-1,-0.004257874097675085,-1,0.004257874097675085,0.46850502490997314,0.99997878074646,7.075676421663957e-06,1.4151352843327913e-05,1,42.57874097675085
2015-08-19,fold_4,Strong USD downturn,0.004075360018759966,1,0.00790493655949831,1,0.00790493655949831,0.4801133871078491,0.9999821186065674,5.9717517615354154e-06,1.1943503523070831e-05,1,79.0493655949831
2015-08-20,fold_4,Strong USD downturn,0.00312606617808342,1,0.010697606019675732,1,0.010697606019675732,0.495947003364563,0.9999880790710449,3.958058186981361e-06,7.916116373962723e-06,1,106.97606019675732
2015-08-21,fold_4,Strong USD downturn,0.003934119828045368,1,0.012457658536732197,1,0.012457658536732197,0.5145828723907471,0.9999536275863647,1.5445222743437625e-05,3.089044548687525e-05,1,124.57658536732197
2015-08-24,fold_4,Strong USD downturn,0.00017180843860842288,1,0.018115969374775887,1,0.018115969374775887,0.5420210361480713,0.9999836683273315,5.444012458610814e-06,1.0888024917221628e-05,1,181.15969374775887
2015-08-25,fold_4,Strong USD downturn,-0.006294396705925465,-1,-0.00277227396145463,-1,0.00277227396145463,0.5462960004806519,0.999972939491272,9.003088052850217e-06,1.8006176105700433e-05,1,27.7227396145463
2015-08-26,fold_4,Strong USD downturn,-0.003163879504427314,-1,-0.018257446587085724,-1,0.018257446587085724,0.5745275020599365,0.9999781847000122,7.278747943928465e-06,1.455749588785693e-05,1,182.57446587085724
2015-08-27,fold_4,Strong USD downturn,-0.0026704680640250444,-1,-0.008121015504002571,-1,0.008121015504002571,0.587314248085022,0.9999887943267822,3.750497626242577e-06,7.500995252485154e-06,1,81.21015504002571
2015-08-28,fold_4,Strong USD downturn,-0.002590323332697153,-1,-0.0030165945645421743,-1,0.0030165945645421743,0.5921025276184082,0.9999783039093018,7.21450851415284e-06,1.442901702830568e-05,1,30.165945645421743
2015-08-31,fold_4,Strong USD downturn,0.00117410474922508,1,0.001055276719853282,1,0.001055276719853282,0.5937825441360474,0.9999805688858032,6.471387678175233e-06,1.2942775356350467e-05,1,10.55276719853282
2015-09-01,fold_4,Strong USD downturn,0.005788765382021666,1,0.006019366439431906,1,0.006019366439431906,0.603376030921936,0.9999842643737793,5.2302589210739825e-06,1.0460517842147965e-05,1,60.19366439431906
2015-09-02,fold_4,Strong USD downturn,-0.004627787508070469,-1,-0.006853028200566769,-1,0.006853028200566769,0.6143639087677002,0.9999816417694092,6.121177193563199e-06,1.2242354387126397e-05,1,68.53028200566769
2015-09-03,fold_4,Strong USD downturn,-0.006788040976971388,-1,-0.008032885380089283,-1,0.008032885380089283,0.6273319721221924,0.999987006187439,4.317267212172737e-06,8.634534424345475e-06,1,80.32885380089283
2015-09-04,fold_4,Strong USD downturn,0.00014116578677203506,1,0.002341874875128269,1,0.002341874875128269,0.6311429738998413,0.9999731779098511,8.946825801103842e-06,1.7893651602207683e-05,1,23.418748751282692
2015-09-08,fold_4,Strong USD downturn,0.0011332934955134988,1,0.0038888398557901382,1,0.0038888398557901382,0.6374862194061279,0.9999740123748779,8.66516256792238e-06,1.733032513584476e-05,1,38.88839855790138
2015-09-09,fold_4,Strong USD downturn,-0.0016981199150905013,-1,0.0011893943883478642,1,-0.0011893943883478642,0.6355385780334473,0.9999831914901733,5.5969499044294935e-06,1.1193899808858987e-05,0,-11.893943883478642
2015-09-10,fold_4,Strong USD downturn,0.0033754482865333557,1,0.006255229003727436,1,0.006255229003727436,0.6457693576812744,0.9999871253967285,4.302917659515515e-06,8.60583531903103e-06,1,62.55229003727436
2015-09-11,fold_4,Strong USD downturn,0.0020895551424473524,1,0.004707816056907177,1,0.004707816056907177,0.6535173654556274,0.9999892711639404,3.570310809664079e-06,7.140621619328158e-06,1,47.07816056907177
2015-09-14,fold_4,Strong USD downturn,-0.0013967084232717752,-1,-0.003211408853530884,-1,0.003211408853530884,0.6588274240493774,0.9999865293502808,4.4752005123882554e-06,8.950401024776511e-06,1,32.11408853530884
2015-09-15,fold_4,Strong USD downturn,-0.001324922195635736,-1,-0.0031674618367105722,-1,0.0031674618367105722,0.6640818119049072,0.9999798536300659,6.724057129758876e-06,1.3448114259517752e-05,1,31.674618367105722
2015-09-16,fold_4,Strong USD downturn,-0.00029046853887848556,-1,0.0017954690847545862,1,-0.0017954690847545862,0.6610939502716064,0.9999896287918091,3.438033672864549e-06,6.876067345729098e-06,0,-17.954690847545862
2015-09-17,fold_4,Strong USD downturn,0.006197094451636076,1,0.00964523945003748,1,0.00964523945003748,0.6771155595779419,0.9999886751174927,3.7614736356772482e-06,7.5229472713544965e-06,1,96.4523945003748
2015-09-18,fold_4,Strong USD downturn,-0.005502052139490843,-1,-0.009553097188472748,-1,0.009553097188472748,0.6931371688842773,0.9999818801879883,6.04750221100403e-06,1.209500442200806e-05,1,95.53097188472748
2015-09-24,fold_4,Strong USD downturn,0.002285670256242156,1,-0.0009837218094617128,-1,-0.0009837218094617128,0.6914715766906738,0.9999799728393555,6.687884251732612e-06,1.3375768503465224e-05,0,-9.837218094617128
2015-09-25,fold_4,Strong USD downturn,0.002024016110226512,1,0.0020386953838169575,1,0.0020386953838169575,0.6949200630187988,0.9999774694442749,7.502761491195997e-06,1.5005522982391994e-05,1,20.386953838169575
2015-09-28,fold_4,Strong USD downturn,0.0010345674818381667,1,0.0026168806944042444,1,0.0026168806944042444,0.6993554830551147,0.9999873638153076,4.224701569910394e-06,8.449403139820788e-06,1,26.168806944042444
2015-09-29,fold_4,Strong USD downturn,0.002843504771590233,1,0.002217428293079138,1,0.002217428293079138,0.7031236886978149,0.9999876022338867,4.134901246288791e-06,8.269802492577583e-06,1,22.174282930791378
2015-09-30,fold_4,Strong USD downturn,-0.0023006375413388014,-1,-0.007451786659657955,-1,0.007451786659657955,0.7158149480819702,0.9999949932098389,1.665415766183287e-06,3.330831532366574e-06,1,74.51786659657955
2015-10-01,fold_4,Strong USD downturn,0.002508879406377673,1,0.0019140391377732158,1,0.0019140391377732158,0.7190990447998047,0.9999902248382568,3.2714906410546973e-06,6.542981282109395e-06,1,19.140391377732158
2015-10-02,fold_4,Strong USD downturn,0.0016571605810895562,1,0.002997632836923003,1,0.002997632836923003,0.7242522239685059,0.9999904632568359,3.1932033834891627e-06,6.386406766978325e-06,1,29.976328369230032
2015-10-05,fold_4,Strong USD downturn,-0.0018408227479085326,-1,-0.0028323756996542215,-1,0.0028323756996542215,0.7291359901428223,0.9999938011169434,2.0516108634183183e-06,4.103221726836637e-06,1,28.323756996542215
2015-10-06,fold_4,Strong USD downturn,0.005296219140291214,1,0.006501608993858099,1,0.006501608993858099,0.7403780221939087,0.9999895095825195,3.500172169879079e-06,7.000344339758158e-06,1,65.01608993858099
2015-10-07,fold_4,Strong USD downturn,5.0644855946302414e-05,1,-0.0024840589612722397,-1,-0.0024840589612722397,0.7360547780990601,0.9999880790710449,3.97187750422745e-06,7.9437550084549e-06,0,-24.840589612722397
2015-10-08,fold_4,Strong USD downturn,0.0019181484822183847,1,0.004176144953817129,1,0.004176144953817129,0.7433047294616699,0.9999938011169434,2.0476040845096577e-06,4.095208169019315e-06,1,41.76144953817129
2015-10-09,fold_4,Strong USD downturn,0.003302427474409342,1,0.007356438785791397,1,0.007356438785791397,0.7561291456222534,0.9999792575836182,6.91424520482542e-06,1.382849040965084e-05,1,73.56438785791397
2015-10-13,fold_4,Strong USD downturn,0.0015285018598660827,1,0.0025958227925002575,1,0.0025958227925002575,0.7606877088546753,0.9999895095825195,3.4989475352631416e-06,6.997895070526283e-06,1,25.958227925002575
2015-10-14,fold_4,Strong USD downturn,0.00692335469648242,1,0.007952532730996609,1,0.007952532730996609,0.7746896743774414,0.9999890327453613,3.6715343867399497e-06,7.343068773479899e-06,1,79.52532730996609
2015-10-15,fold_4,Strong USD downturn,-0.004468531813472509,-1,-0.009355970658361912,-1,0.009355970658361912,0.791293740272522,0.9999847412109375,5.091633738629753e-06,1.0183267477259506e-05,1,93.55970658361912
2015-10-16,fold_4,Strong USD downturn,-0.002401184057816863,-1,-0.0006248753634281456,-1,0.0006248753634281456,0.7924131155014038,0.9999784231185913,7.170061962824548e-06,1.4340123925649095e-05,1,6.2487536342814565
2015-10-19,fold_4,Strong USD downturn,-0.0024789664894342422,-1,-0.002820884808897972,-1,0.002820884808897972,0.7974692583084106,0.9999873638153076,4.201213414489757e-06,8.402426828979515e-06,1,28.20884808897972
2015-10-20,fold_4,Strong USD downturn,-0.0016497481847181916,-1,0.002202671719714999,1,-0.002202671719714999,0.7935099601745605,0.9999880790710449,3.964923507737694e-06,7.929847015475389e-06,0,-22.026717197149992
2015-10-21,fold_4,Strong USD downturn,-0.0025234248023480177,-1,-0.0005220280727371573,-1,0.0005220280727371573,0.7944462299346924,0.9999853372573853,4.878971139987698e-06,9.757942279975396e-06,1,5.2202807273715734
2015-10-22,fold_4,Strong USD downturn,-0.012200105004012585,-1,-0.023535992950201035,-1,0.023535992950201035,0.8366802930831909,0.9999880790710449,3.971768819610588e-06,7.943537639221177e-06,1,235.35992950201035
2015-10-23,fold_4,Strong USD downturn,-0.007828454487025738,-1,-0.005466054193675518,-1,0.005466054193675518,0.8467197418212891,0.9999853372573853,4.9034088078769855e-06,9.806817615753971e-06,1,54.66054193675518
2015-10-26,fold_4,Strong USD downturn,-0.00031267639133147895,-1,0.004138649441301823,1,-0.004138649441301823,0.8390768766403198,0.9999896287918091,3.4350166515650926e-06,6.870033303130185e-06,0,-41.38649441301823
2015-10-27,fold_4,Strong USD downturn,-0.0015859199920669198,-1,-0.002615799428895116,-1,0.002615799428895116,0.8438875675201416,0.9999916553497314,2.7729674911824986e-06,5.545934982364997e-06,1,26.15799428895116
2015-10-28,fold_4,Strong USD downturn,-0.005655643530189991,-1,-0.00979236513376236,-1,0.00979236513376236,0.8619434833526611,0.9999855756759644,4.801278464583447e-06,9.602556929166894e-06,1,97.9236513376236
2015-10-29,fold_4,Strong USD downturn,0.0016295117093250155,1,0.005936706904321909,1,0.005936706904321909,0.8729974031448364,0.9999877214431763,4.083194653503597e-06,8.166389307007194e-06,1,59.36706904321909
2015-10-30,fold_4,Strong USD downturn,-0.0011416272027418017,-1,0.0029219379648566246,1,-0.0029219379648566246,0.8675246238708496,0.9999858140945435,4.7360667849716265e-06,9.472133569943253e-06,0,-29.219379648566246
2015-11-02,fold_4,Strong USD downturn,0.00014002984971739352,1,-0.0009033163660205901,-1,-0.0009033163660205901,0.8658376932144165,0.9999815225601196,6.15311137153185e-06,1.23062227430637e-05,0,-9.0331636602059
2015-11-04,fold_4,Strong USD downturn,-0.008461524732410908,-1,-0.008748723194003105,-1,0.008748723194003105,0.8821614980697632,0.9999916553497314,2.7606320145423524e-06,5.521264029084705e-06,1,87.48723194003105
2015-11-05,fold_4,Strong USD downturn,-0.0003890543302986771,-1,0.0014692713739350438,1,-0.0014692713739350438,0.8793960809707642,0.9999828338623047,5.718380180042004e-06,1.1436760360084008e-05,0,-14.692713739350438
2015-11-06,fold_4,Strong USD downturn,-0.011139290407299995,-1,-0.013835355639457703,-1,0.013835355639457703,0.9053981304168701,0.9999779462814331,7.3327069003426e-06,1.46654138006852e-05,1,138.35355639457703
2015-11-09,fold_4,Strong USD downturn,0.0006834654486738145,1,0.0024317402858287096,1,0.0024317402858287096,0.9100315570831299,0.9999858140945435,4.736546543426812e-06,9.473093086853623e-06,1,24.317402858287096
2015-11-10,fold_4,Strong USD downturn,-0.0025150803849101067,-1,-0.002040166174992919,-1,0.002040166174992919,0.9139282703399658,0.9999915361404419,2.8072663553757593e-06,5.614532710751519e-06,1,20.40166174992919
2015-11-11,fold_4,Strong USD downturn,0.0037939937319606543,1,0.0023678515572100878,1,0.0023678515572100878,0.9184601306915283,0.9999864101409912,4.5104147829988506e-06,9.020829565997701e-06,1,23.678515572100878
2015-11-12,fold_4,Strong USD downturn,0.002693412359803915,1,0.004834278021007776,1,0.004834278021007776,0.9277344942092896,0.9999889135360718,3.6895396533509484e-06,7.379079306701897e-06,1,48.34278021007776
2015-11-13,fold_4,Strong USD downturn,-0.0029456045012921095,-1,-0.01063578575849533,-1,0.01063578575849533,0.948237419128418,0.999984622001648,5.108129244035808e-06,1.0216258488071617e-05,1,106.35785758495331
2015-11-16,fold_4,Strong USD downturn,-0.0025143336970359087,-1,-0.0011222391622141004,-1,0.0011222391622141004,0.9504238367080688,0.9999910593032837,2.9616071515192743e-06,5.923214303038549e-06,1,11.222391622141004
2015-11-17,fold_4,Strong USD downturn,-0.0021393075585365295,-1,-0.004129724111407995,-1,0.004129724111407995,0.9584786891937256,0.9999840259552002,5.3030635172035545e-06,1.0606127034407109e-05,1,41.29724111407995
2015-11-18,fold_4,Strong USD downturn,-0.001496438984759152,-1,0.0024539949372410774,1,-0.0024539949372410774,0.9536726474761963,0.9999802112579346,6.584684342669789e-06,1.3169368685339577e-05,0,-24.539949372410774
2015-11-19,fold_4,Strong USD downturn,0.0024535073898732662,1,0.005266564432531595,1,0.005266564432531595,0.9639617204666138,0.9999890327453613,3.664053565444192e-06,7.328107130888384e-06,1,52.66564432531595
2015-11-20,fold_4,Strong USD downturn,-0.005588203202933073,-1,-0.007938201539218426,-1,0.007938201539218426,0.9795519113540649,0.9999827146530151,5.767693892266834e-06,1.1535387784533668e-05,1,79.38201539218426
2015-11-24,fold_4,Strong USD downturn,0.0003282385878264904,1,0.00017037845100276172,1,0.00017037845100276172,0.9798891544342041,0.9999842643737793,5.254358256934211e-06,1.0508716513868421e-05,1,1.7037845100276172
2015-11-25,fold_4,Strong USD downturn,-0.0035908580757677555,-1,-0.0017743892967700958,-1,0.0017743892967700958,0.9834023714065552,0.9999922513961792,2.569175194366835e-06,5.13835038873367e-06,1,17.74389296770096
2015-11-27,fold_4,Strong USD downturn,-0.0022047371603548527,-1,-0.002021322725340724,-1,0.002021322725340724,0.9874114990234375,0.9999827146530151,5.772177701146575e-06,1.154435540229315e-05,1,20.21322725340724
2015-11-30,fold_4,Strong USD downturn,-0.0015372373163700104,-1,-0.0009516000864095986,-1,0.0009516000864095986,0.9893028736114502,0.9999914169311523,2.8654503694269806e-06,5.730900738853961e-06,1,9.516000864095986
2015-12-01,fold_4,Strong USD downturn,0.0023800197523087263,1,0.0050048306584358215,1,0.0050048306584358215,0.9992591142654419,0.9999872446060181,4.240996531734709e-06,8.481993063469417e-06,1,50.048306584358215
2015-12-02,fold_4,Strong USD downturn,-0.0038023937959223986,-1,-0.0012098338920623064,-1,0.0012098338920623064,1.0016779899597168,0.999987006187439,4.343974524090299e-06,8.687949048180599e-06,1,12.098338920623064
2015-12-03,fold_4,Strong USD downturn,0.013089104555547237,1,0.02854517288506031,1,0.02854517288506031,1.0588161945343018,0.9999827146530151,5.739674179494614e-06,1.1479348358989228e-05,1,285.4517288506031
2015-12-04,fold_4,Strong USD downturn,-0.01028283592313528,-1,-0.0029278246220201254,-1,0.0029278246220201254,1.0648438930511475,0.9999845027923584,5.1811657613143325e-06,1.0362331522628665e-05,1,29.278246220201254
2015-12-07,fold_4,Strong USD downturn,-0.0018848659237846732,-1,-0.004593567457050085,-1,0.004593567457050085,1.074328899383545,0.9999915361404419,2.831091478583403e-06,5.662182957166806e-06,1,45.93567457050085
2015-12-08,fold_4,Strong USD downturn,-0.00010968251444865018,-1,0.005534087773412466,1,-0.005534087773412466,1.0628492832183838,0.9999872446060181,4.228687430440914e-06,8.457374860881828e-06,0,-55.34087773412466
2015-12-09,fold_4,Strong USD downturn,0.004891541320830584,1,0.011381609365344048,1,0.011381609365344048,1.0863277912139893,0.9999847412109375,5.084854819870088e-06,1.0169709639740176e-05,1,113.81609365344048
2015-12-10,fold_4,Strong USD downturn,-0.005701208487153053,-1,-0.006338960491120815,-1,0.006338960491120815,1.099552869796753,0.9999831914901733,5.6180178944487125e-06,1.1236035788897425e-05,1,63.38960491120815
2015-12-11,fold_4,Strong USD downturn,0.0009799663675948977,1,0.0032732149120420218,1,0.0032732149120420218,1.1064252853393555,0.9999808073043823,6.399335688911378e-06,1.2798671377822757e-05,1,32.73214912042022
2015-12-14,fold_4,Strong USD downturn,-0.00015681171498727053,-1,0.0008245063363574445,1,-0.0008245063363574445,1.1046884059906006,0.9999828338623047,5.705866897187661e-06,1.1411733794375323e-05,0,-8.245063363574445
2015-12-15,fold_4,Strong USD downturn,-0.006850400473922491,-1,-0.005162013694643974,-1,0.005162013694643974,1.1155529022216797,0.9999829530715942,5.6592966757307295e-06,1.1318593351461459e-05,1,51.62013694643974
2015-12-16,fold_4,Strong USD downturn,0.0024575323332101107,1,-0.005643780343234539,-1,-0.005643780343234539,1.1036131381988525,0.9999837875366211,5.405638148658909e-06,1.0811276297317818e-05,0,-56.43780343234539
2015-12-17,fold_4,Strong USD downturn,-0.010737055912613869,-1,-0.002797894412651658,-1,0.002797894412651658,1.1094987392425537,0.9999783039093018,7.220540283014998e-06,1.4441080566029996e-05,1,27.97894412651658
2015-12-18,fold_4,Strong USD downturn,0.0015065313782542944,1,0.0023806451354175806,1,0.0023806451354175806,1.11452054977417,0.9999816417694092,6.12729763815878e-06,1.225459527631756e-05,1,23.806451354175806
2015-12-21,fold_4,Strong USD downturn,-0.0006638607010245323,-1,0.003961352631449699,1,-0.003961352631449699,1.1061441898345947,0.9999760389328003,7.996776730578858e-06,1.5993553461157717e-05,0,-39.613526314496994
2015-12-22,fold_4,Strong USD downturn,0.00139409932307899,1,0.003394516184926033,1,0.003394516184926033,1.1132934093475342,0.9999910593032837,2.962704684250639e-06,5.925409368501278e-06,1,33.94516184926033
2015-12-24,fold_4,Strong USD downturn,0.002150517189875245,1,0.00557277537882328,1,0.00557277537882328,1.125070333480835,0.9999816417694092,6.123695129645057e-06,1.2247390259290114e-05,1,55.7277537882328
2015-12-28,fold_4,Strong USD downturn,-0.0007033554138615727,-1,0.0008450971217826009,1,-0.0008450971217826009,1.123274564743042,0.999981164932251,6.278033652051818e-06,1.2556067304103635e-05,0,-8.450971217826009
2015-12-29,fold_4,Strong USD downturn,-0.0008684089407324791,-1,-0.004305660724639893,-1,0.004305660724639893,1.1324164867401123,0.999981164932251,6.2674721448274795e-06,1.2534944289654959e-05,1,43.056607246398926
2019-01-18,fold_5,Low-vol plateau,-0.002726615173742175,-1,-0.002375367796048522,-1,0.002375367796048522,0.002375364303588867,0.9999878406524658,4.04054617320071e-06,8.08109234640142e-06,1,23.75367796048522
2019-01-22,fold_5,Low-vol plateau,-0.0004670692724175751,-1,-0.0004659610567614436,-1,0.0004659610567614436,0.002842426300048828,0.9999858140945435,4.7449102567043155e-06,9.489820513408631e-06,1,4.659610567614436
2019-01-23,fold_5,Low-vol plateau,0.00061521225143224,1,0.002129587111994624,1,0.002129587111994624,0.004978060722351074,0.9999899864196777,3.3489352517790394e-06,6.697870503558079e-06,1,21.29587111994624
2019-01-24,fold_5,Low-vol plateau,-0.0047373115085065365,-1,-0.006561825051903725,-1,0.006561825051903725,0.011572599411010742,0.9999806880950928,6.4309292611142155e-06,1.2861858522228431e-05,1,65.61825051903725
2019-01-25,fold_5,Low-vol plateau,0.004001520108431578,1,0.0087994784116745,1,0.0087994784116745,0.020473837852478027,0.9999688863754272,1.0376976206316613e-05,2.0753952412633225e-05,1,87.994784116745
2019-01-28,fold_5,Low-vol plateau,-0.004740593954920769,-1,0.0014859054936096072,1,-0.0014859054936096072,0.01895749568939209,0.9999864101409912,4.526340944721596e-06,9.052681889443193e-06,0,-14.859054936096072
2019-01-29,fold_5,Low-vol plateau,-0.002141508273780346,-1,0.0004688061017077416,1,-0.0004688061017077416,0.01847982406616211,0.9999840259552002,5.310635515343165e-06,1.062127103068633e-05,0,-4.688061017077416
2019-01-30,fold_5,Low-vol plateau,0.002305911621078849,1,0.004572131671011448,1,0.004572131671011448,0.023136496543884277,0.9999821186065674,5.957925623079063e-06,1.1915851246158127e-05,1,45.72131671011448
2019-01-31,fold_5,Low-vol plateau,-0.00309120025485754,-1,-0.0033203826751559973,-1,0.0033203826751559973,0.02653360366821289,0.9999862909317017,4.573419573716819e-06,9.146839147433639e-06,1,33.20382675155997
2019-02-01,fold_5,Low-vol plateau,0.0007980398950167,1,0.0005040323012508452,1,0.0005040323012508452,0.02705097198486328,0.9999858140945435,4.743008958030259e-06,9.486017916060518e-06,1,5.040323012508452
2019-02-04,fold_5,Low-vol plateau,-0.0007871738635003567,-1,-0.0016581708332523704,-1,0.0016581708332523704,0.028753995895385742,0.9999964237213135,1.1828981314465636e-06,2.3657962628931273e-06,1,16.581708332523704
2019-02-05,fold_5,Low-vol plateau,-0.001403773669153452,-1,-0.002304801717400551,-1,0.002304801717400551,0.03112506866455078,0.9999819993972778,6.009743174217874e-06,1.2019486348435748e-05,1,23.04801717400551
2019-02-06,fold_5,Low-vol plateau,-0.0016691929195076227,-1,-0.003853170434013009,-1,0.003853170434013009,0.03509819507598877,0.9999881982803345,3.949183792428812e-06,7.898367584857624e-06,1,38.53170434013009
2019-02-07,fold_5,Low-vol plateau,0.00025126710534095764,1,-0.002392479684203863,-1,-0.002392479684203863,0.03262174129486084,0.9999879598617554,4.018719664600212e-06,8.037439329200424e-06,0,-23.92479684203863
2019-02-08,fold_5,Low-vol plateau,-0.0016612440813332796,-1,-0.0012795890215784311,-1,0.0012795890215784311,0.0339430570602417,0.999981164932251,6.273164672165876e-06,1.2546329344331753e-05,1,12.795890215784311
2019-02-12,fold_5,Low-vol plateau,0.0030594822019338608,1,0.004930588882416487,1,0.004930588882416487,0.03904104232788086,0.999987006187439,4.323353095969651e-06,8.646706191939302e-06,1,49.30588882416487
2019-02-13,fold_5,Low-vol plateau,-0.003925669938325882,-1,-0.006150586996227503,-1,0.006150586996227503,0.04543173313140869,0.9999868869781494,4.3571153582888655e-06,8.714230716577731e-06,1,61.50586996227503
2019-02-14,fold_5,Low-vol plateau,0.0023933553602546453,1,0.0026995516382157803,1,0.0026995516382157803,0.04825389385223389,0.9999828338623047,5.737566425523255e-06,1.147513285104651e-05,1,26.995516382157803
2019-02-15,fold_5,Low-vol plateau,0.0008084994042292237,1,0.0002372502494836226,1,0.0002372502494836226,0.048502564430236816,0.9999911785125732,2.9399168397503672e-06,5.8798336795007344e-06,1,2.372502494836226
2019-02-19,fold_5,Low-vol plateau,0.0011746102245524526,1,0.002744921250268817,1,0.002744921250268817,0.05138063430786133,0.9999904632568359,3.1628667329641758e-06,6.3257334659283515e-06,1,27.44921250268817
2019-02-20,fold_5,Low-vol plateau,0.0010825218632817268,1,0.0002950014313682914,1,0.0002950014313682914,0.05169081687927246,0.9999842643737793,5.245614829618717e-06,1.0491229659237433e-05,1,2.950014313682914
2019-02-21,fold_5,Low-vol plateau,-0.0010313659440726042,-1,-0.0002949144400190562,-1,0.0002949144400190562,0.052000999450683594,0.9999935626983643,2.1254138573567616e-06,4.250827714713523e-06,1,2.949144400190562
2019-02-22,fold_5,Low-vol plateau,0.0014789807610213757,1,-6.799641414545476e-05,-1,-6.799641414545476e-05,0.051929473876953125,0.9999918937683105,2.7044632133765845e-06,5.408926426753169e-06,0,-0.6799641414545476
2019-02-25,fold_5,Low-vol plateau,0.0005635471898131073,1,0.0022280586417764425,1,0.0022280586417764425,0.054273247718811035,0.9999929666519165,2.3425575363944517e-06,4.6851150727889035e-06,1,22.280586417764425
2019-02-26,fold_5,Low-vol plateau,0.002416701754555106,1,0.0022558243945240974,1,0.0022558243945240974,0.05665147304534912,0.9999910593032837,2.9794823603879195e-06,5.958964720775839e-06,1,22.558243945240974
2019-02-27,fold_5,Low-vol plateau,-0.0008329817210324109,-1,-0.001137981773354113,-1,0.001137981773354113,0.05785393714904785,0.9999886751174927,3.768702981687966e-06,7.537405963375932e-06,1,11.379817733541131
2019-02-28,fold_5,Low-vol plateau,-0.0002010696625802666,-1,-0.000591427437029779,-1,0.000591427437029779,0.05847954750061035,0.9999963045120239,1.2347243227850413e-06,2.4694486455700826e-06,1,5.91427437029779
2019-03-01,fold_5,Low-vol plateau,-0.0029817456379532814,-1,0.00021612558339256793,1,-0.00021612558339256793,0.0582507848739624,0.9999889135360718,3.7093559512868524e-06,7.418711902573705e-06,0,-2.1612558339256793
2019-03-04,fold_5,Low-vol plateau,-0.0009018683922477067,-1,-0.0033898816909641027,-1,0.0033898816909641027,0.06183803081512451,0.9999758005142212,8.076762242126279e-06,1.6153524484252557e-05,1,33.89881690964103
2019-03-05,fold_5,Low-vol plateau,-0.0026766799855977297,-1,-0.0026684298645704985,-1,0.0026684298645704985,0.06467139720916748,0.9999841451644897,5.2664991017081775e-06,1.0532998203416355e-05,1,26.684298645704985
2019-03-06,fold_5,Low-vol plateau,-0.00242308946326375,-1,0.0006109592504799366,1,-0.0006109592504799366,0.06402099132537842,0.9999940395355225,1.9991673525510123e-06,3.998334705102025e-06,0,-6.109592504799366
2019-03-07,fold_5,Low-vol plateau,-0.007099329028278589,-1,-0.010224131867289543,-1,0.010224131867289543,0.07489967346191406,0.9999880790710449,3.9515930438938085e-06,7.903186087787617e-06,1,102.24131867289543
2019-03-08,fold_5,Low-vol plateau,8.204290497815236e-05,1,0.0030440150294452906,1,0.0030440150294452906,0.0781717300415039,0.9999922513961792,2.5624322006478906e-06,5.124864401295781e-06,1,30.440150294452906
2019-03-11,fold_5,Low-vol plateau,-0.0010750683723017573,-1,0.00238696183077991,1,-0.00238696183077991,0.07559812068939209,0.9999872446060181,4.230827016726835e-06,8.46165403345367e-06,0,-23.8696183077991
2019-03-12,fold_5,Low-vol plateau,0.0017114583170041442,1,0.0025057890452444553,1,0.0025057890452444553,0.0782933235168457,0.9999902248382568,3.2665925573382992e-06,6.5331851146765985e-06,1,25.057890452444553
2019-03-13,fold_5,Low-vol plateau,0.0027355325873941183,1,0.0038639309350401163,1,0.0038639309350401163,0.08245980739593506,0.9999810457229614,6.3249963204725645e-06,1.2649992640945129e-05,1,38.63930935040116
2019-03-14,fold_5,Low-vol plateau,-0.002239290392026305,-1,-0.002001645043492317,-1,0.002001645043492317,0.08462655544281006,0.9999871253967285,4.278247160982573e-06,8.556494321965147e-06,1,20.016450434923172
2019-03-15,fold_5,Low-vol plateau,0.0016997866332530975,1,0.0010074680903926492,1,0.0010074680903926492,0.08571922779083252,0.9999877214431763,4.101866124983644e-06,8.203732249967288e-06,1,10.074680903926492
2019-03-18,fold_5,Low-vol plateau,0.00046554330037906766,1,0.0014510758919641376,1,0.0014510758919641376,0.08729469776153564,0.9999880790710449,3.972630565840518e-06,7.945261131681036e-06,1,14.510758919641376
2019-03-19,fold_5,Low-vol plateau,5.606152262771502e-05,1,0.001646355027332902,1,0.001646355027332902,0.08908486366271973,0.9999861717224121,4.619236733560683e-06,9.238473467121366e-06,1,16.46355027332902
2019-03-20,fold_5,Low-vol plateau,0.005083573516458273,1,0.006434020586311817,1,0.006434020586311817,0.09609198570251465,0.9999879598617554,4.017383162135957e-06,8.034766324271914e-06,1,64.34020586311817
2019-03-22,fold_5,Low-vol plateau,-0.0005555657553486526,-1,-0.0069582522846758366,-1,0.0069582522846758366,0.10371887683868408,0.9999877214431763,4.105800144316163e-06,8.211600288632326e-06,1,69.58252284675837
2019-03-25,fold_5,Low-vol plateau,0.0007811668328940868,1,0.0017652605893090367,1,0.0017652605893090367,0.10566723346710205,0.9999901056289673,3.2934337923506973e-06,6.586867584701395e-06,1,17.652605893090367
2019-03-26,fold_5,Low-vol plateau,-0.0022866709623485804,-1,-0.003619218012318015,-1,0.003619218012318015,0.10966885089874268,0.999988317489624,3.890096195391379e-06,7.780192390782759e-06,1,36.19218012318015
2019-03-27,fold_5,Low-vol plateau,0.0005455263890326023,1,-0.0020477843936532736,-1,-0.0020477843936532736,0.10739648342132568,0.9999908208847046,3.046559186259401e-06,6.093118372518802e-06,0,-20.477843936532736
2019-03-28,fold_5,Low-vol plateau,-0.003436839208006859,-1,-0.0019316303078085184,-1,0.0019316303078085184,0.1095355749130249,0.9999895095825195,3.481477278910461e-06,6.962954557820922e-06,1,19.316303078085184
2019-03-29,fold_5,Low-vol plateau,-0.002490747021511197,-1,-0.0005498689133673906,-1,0.0005498689133673906,0.1101456880569458,0.9999845027923584,5.163840341992909e-06,1.0327680683985818e-05,1,5.498689133673906
2019-04-01,fold_5,Low-vol plateau,-0.0009786273585632443,-1,-0.0016136592021211982,-1,0.0016136592021211982,0.11193704605102539,0.999990701675415,3.0855185286782216e-06,6.171037057356443e-06,1,16.13659202121198
2019-04-02,fold_5,Low-vol plateau,-0.0015645783860236406,-1,-0.0001680841378401965,-1,0.0001680841378401965,0.11212396621704102,0.9999918937683105,2.7013345516024856e-06,5.402669103204971e-06,1,1.680841378401965
2019-04-03,fold_5,Low-vol plateau,0.000897441350389272,1,0.003846475388854742,1,0.003846475388854742,0.1164017915725708,0.9999858140945435,4.707439074991271e-06,9.414878149982542e-06,1,38.46475388854742
2019-04-04,fold_5,Low-vol plateau,-0.0017621703445911407,-1,-0.0018746902933344245,-1,0.0018746902933344245,0.11849474906921387,0.9999814033508301,6.1924047258798964e-06,1.2384809451759793e-05,1,18.746902933344245
2019-04-05,fold_5,Low-vol plateau,-0.00047062113299034536,-1,-0.0005610103835351765,-1,0.0005610103835351765,0.11912226676940918,0.9999853372573853,4.889492174697807e-06,9.778984349395614e-06,1,5.610103835351765
2019-04-08,fold_5,Low-vol plateau,0.001683119568042457,1,0.003286882070824504,1,0.003286882070824504,0.12280058860778809,0.9999837875366211,5.390911155700451e-06,1.0781822311400902e-05,1,32.86882070824504
2019-04-09,fold_5,Low-vol plateau,-0.000852443918120116,-1,0.000935124815441668,1,-0.000935124815441668,0.1217505931854248,0.9999861717224121,4.598990472004516e-06,9.197980944009032e-06,0,-9.35124815441668
2019-04-10,fold_5,Low-vol plateau,0.001087128883227706,1,0.0008457988151349127,1,0.0008457988151349127,0.12269937992095947,0.9999877214431763,4.083387011633022e-06,8.166774023266044e-06,1,8.457988151349127
2019-04-11,fold_5,Low-vol plateau,-0.0011543914442881942,-1,-0.0013963867677375674,-1,0.0013963867677375674,0.1242671012878418,0.9999924898147583,2.4984744868561393e-06,4.9969489737122785e-06,1,13.963867677375674
2019-04-12,fold_5,Low-vol plateau,0.0011095955269411206,1,0.003934172447770834,1,0.003934172447770834,0.12869012355804443,0.999994158744812,1.9346680346643552e-06,3.8693360693287104e-06,1,39.34172447770834
2019-04-15,fold_5,Low-vol plateau,0.0004381963226478547,1,-1.1282911145826802e-05,-1,-1.1282911145826802e-05,0.1286773681640625,0.999987006187439,4.3341692617104854e-06,8.668338523420971e-06,0,-0.11282911145826802
2019-04-16,fold_5,Low-vol plateau,-0.001373196835629642,-1,-0.001760470331646502,-1,0.001760470331646502,0.13066434860229492,0.9999905824661255,3.1527495139016537e-06,6.305499027803307e-06,1,17.60470331646502
2019-04-17,fold_5,Low-vol plateau,0.0003973696439061314,1,0.0010732508962973952,1,0.0010732508962973952,0.13187777996063232,0.9999866485595703,4.460135187400738e-06,8.920270374801476e-06,1,10.732508962973952
2019-04-18,fold_5,Low-vol plateau,-0.002343579428270459,-1,-0.005415794439613819,-1,0.005415794439613819,0.1380077600479126,0.9999854564666748,4.853027348872274e-06,9.706054697744548e-06,1,54.15794439613819
2019-04-22,fold_5,Low-vol plateau,0.00044980572420172393,1,0.0012835260713472962,1,0.0012835260713472962,0.13946843147277832,0.9999885559082031,3.806952236118377e-06,7.613904472236754e-06,1,12.835260713472962
2019-04-23,fold_5,Low-vol plateau,-0.002337187295779586,-1,-0.0030754762701690197,-1,0.0030754762701690197,0.14297282695770264,0.9999916553497314,2.7768328436650336e-06,5.553665687330067e-06,1,30.754762701690197
2019-04-24,fold_5,Low-vol plateau,-0.002974455477669835,-1,-0.006312881130725145,-1,0.006312881130725145,0.15018820762634277,0.9999825954437256,5.783268534287345e-06,1.156653706857469e-05,1,63.12881130725145
2019-04-25,fold_5,Low-vol plateau,-0.0012310233432799578,-1,-0.0014923748094588518,-1,0.0014923748094588518,0.15190470218658447,0.9999901056289673,3.286831542936852e-06,6.573663085873704e-06,1,14.923748094588518
2019-04-26,fold_5,Low-vol plateau,-0.000602524378336966,-1,0.0012043117312714458,1,-0.0012043117312714458,0.15051746368408203,0.9999845027923584,5.1621923375932965e-06,1.0324384675186593e-05,0,-12.043117312714458
2019-05-07,fold_5,Low-vol plateau,-0.0010902568465098739,-1,-0.0009624563390389085,-1,0.0009624563390389085,0.15162479877471924,0.9999822378158569,5.910199433856178e-06,1.1820398867712356e-05,1,9.624563390389085
2019-05-08,fold_5,Low-vol plateau,-0.0007699377019889653,-1,0.0006494636763818562,1,-0.0006494636763818562,0.15087687969207764,0.9999908208847046,3.0517715003952617e-06,6.103543000790523e-06,0,-6.494636763818562
2019-05-09,fold_5,Low-vol plateau,0.0009221988148055971,1,0.0021209637634456158,1,0.0021209637634456158,0.15331780910491943,0.9999854564666748,4.853988684772048e-06,9.707977369544096e-06,1,21.209637634456158
2019-05-10,fold_5,Low-vol plateau,-0.0018352583283558488,-1,0.0012809962499886751,1,-0.0012809962499886751,0.15184032917022705,0.9999876022338867,4.118745437153848e-06,8.237490874307696e-06,0,-12.809962499886751
2019-05-13,fold_5,Low-vol plateau,-0.002763257594779134,-1,-0.00034819229040294886,-1,0.00034819229040294886,0.15224146842956543,0.9999815225601196,6.157898042147281e-06,1.2315796084294561e-05,1,3.4819229040294886
2019-05-14,fold_5,Low-vol plateau,-0.00402621878311038,-1,-0.002498582238331437,-1,0.002498582238331437,0.15512049198150635,0.9999927282333374,2.4391356419073418e-06,4.8782712838146836e-06,1,24.98582238331437
2019-05-15,fold_5,Low-vol plateau,-0.001953449798747897,-1,0.0002465155557729304,1,-0.0002465155557729304,0.15483570098876953,0.9999872446060181,4.229841124470113e-06,8.459682248940226e-06,0,-2.465155557729304
2019-05-16,fold_5,Low-vol plateau,-0.0038648713380098343,-1,-0.00300564244389534,-1,0.00300564244389534,0.15830671787261963,0.9999878406524658,4.052833901369013e-06,8.105667802738026e-06,1,30.0564244389534
2019-05-17,fold_5,Low-vol plateau,-0.002772079547867179,-1,-0.0007370057865045965,-1,0.0007370057865045965,0.15916037559509277,0.9999868869781494,4.3798495426017325e-06,8.759699085203465e-06,1,7.370057865045965
2019-05-20,fold_5,Low-vol plateau,-0.0027411417104303837,-1,0.00029040739173069596,1,-0.00029040739173069596,0.15882372856140137,0.9999929666519165,2.324100250916672e-06,4.648200501833344e-06,0,-2.9040739173069596
2019-05-21,fold_5,Low-vol plateau,-0.003663284471258521,-1,-0.0011713255662471056,-1,0.0011713255662471056,0.1601811647415161,0.9999841451644897,5.290205990604591e-06,1.0580411981209181e-05,1,11.713255662471056
2019-05-23,fold_5,Low-vol plateau,-0.0013633150374516845,-1,0.002606033580377698,1,-0.002606033580377698,0.15715765953063965,0.9999867677688599,4.40988378613838e-06,8.81976757227676e-06,0,-26.06033580377698
2019-05-24,fold_5,Low-vol plateau,-0.001322456868365407,-1,0.002241884358227253,1,-0.002241884358227253,0.15456342697143555,0.999990701675415,3.1001254683360457e-06,6.2002509366720915e-06,0,-22.41884358227253
2019-05-28,fold_5,Low-vol plateau,-0.0043975841253995895,-1,-0.002066653920337558,-1,0.002066653920337558,0.15694952011108398,0.9999890327453613,3.636608653323492e-06,7.273217306646984e-06,1,20.666539203375578
2019-05-29,fold_5,Low-vol plateau,-0.005095358472317457,-1,-0.0029847442638128996,-1,0.0029847442638128996,0.16040277481079102,0.9999892711639404,3.5767875488090795e-06,7.153575097618159e-06,1,29.847442638128996
2019-05-30,fold_5,Low-vol plateau,-0.0022876800503581762,-1,-0.0005565853207372129,-1,0.0005565853207372129,0.16104865074157715,0.9999866485595703,4.4360481297189835e-06,8.872096259437967e-06,1,5.565853207372129
2019-05-31,fold_5,Low-vol plateau,0.00020725000649690628,1,0.003855000250041485,1,0.003855000250041485,0.16552448272705078,0.9999798536300659,6.704601219098549e-06,1.3409202438197099e-05,1,38.55000250041485
2019-06-03,fold_5,Low-vol plateau,-0.00047964576515369117,-1,0.006466649007052183,1,-0.006466649007052183,0.15798747539520264,0.99997878074646,7.0677028816135135e-06,1.4135405763227027e-05,0,-64.66649007052183
2019-06-04,fold_5,Low-vol plateau,-0.0029931061435490847,-1,0.0006865524337626994,1,-0.0006865524337626994,0.15719246864318848,0.9999748468399048,8.382880878343713e-06,1.6765761756687425e-05,0,-6.865524337626994
2019-06-05,fold_5,Low-vol plateau,-0.00507968058809638,-1,-0.002223382471129298,-1,0.002223382471129298,0.159765362739563,0.9999887943267822,3.7274019177857554e-06,7.454803835571511e-06,1,22.233824711292982
2019-06-06,fold_5,Low-vol plateau,-0.0011083880672231317,-1,0.004228744190186262,1,-0.004228744190186262,0.1548609733581543,0.9999874830245972,4.1841135498543736e-06,8.368227099708747e-06,0,-42.28744190186262
2019-06-07,fold_5,Low-vol plateau,-0.000844764057546854,-1,0.003871487220749259,1,-0.003871487220749259,0.1503899097442627,0.9999887943267822,3.7244831219140906e-06,7.448966243828181e-06,0,-38.71487220749259
2019-06-10,fold_5,Low-vol plateau,-0.0029743716586381197,-1,-0.00018112821271643043,-1,0.00018112821271643043,0.1505981683731079,0.9999785423278809,7.1385047704097815e-06,1.4277009540819563e-05,1,1.8112821271643043
2019-06-11,fold_5,Low-vol plateau,-0.002329664072021842,-1,0.001008287537842989,1,-0.001008287537842989,0.1494380235671997,0.9999861717224121,4.613748842530185e-06,9.22749768506037e-06,0,-10.08287537842989
2019-06-12,fold_5,Low-vol plateau,-0.004719858523458242,-1,-0.002993301022797823,-1,0.002993301022797823,0.15287864208221436,0.9999850988388062,4.975421234121313e-06,9.950842468242627e-06,1,29.93301022797823
2019-06-13,fold_5,Low-vol plateau,-0.0036516969557851553,-1,-0.0013423121999949217,-1,0.0013423121999949217,0.15442609786987305,0.9999904632568359,3.179768782501924e-06,6.359537565003848e-06,1,13.423121999949217
2019-06-14,fold_5,Low-vol plateau,-0.007619050331413746,-1,-0.005619735922664404,-1,0.005619735922664404,0.16091370582580566,0.9999872446060181,4.245857780915685e-06,8.49171556183137e-06,1,56.19735922664404
2019-06-17,fold_5,Low-vol plateau,-0.0022994980681687593,-1,0.0006733588525094092,1,-0.0006733588525094092,0.1601320505142212,0.9999871253967285,4.274252205505036e-06,8.548504411010072e-06,0,-6.733588525094092
2019-06-18,fold_5,Low-vol plateau,-0.0033079092390835285,-1,-0.0023515592329204082,-1,0.0023515592329204082,0.16286015510559082,0.9999915361404419,2.8073234261682956e-06,5.614646852336591e-06,1,23.515592329204082
2019-06-19,fold_5,Low-vol plateau,0.002378561068326235,1,0.003596331924200058,1,0.003596331924200058,0.16704213619232178,0.9999741315841675,8.635694030090235e-06,1.727138806018047e-05,1,35.96331924200058
2019-06-20,fold_5,Low-vol plateau,-0.000158380062202923,-1,0.005082990508526564,1,-0.005082990508526564,0.1611100435256958,0.9999920129776001,2.6779607651405968e-06,5.3559215302811936e-06,0,-50.829905085265636
2019-06-21,fold_5,Low-vol plateau,-9.733438491821289e-05,-1,0.007889659143984318,1,-0.007889659143984318,0.15194928646087646,0.9999840259552002,5.336983576853527e-06,1.0673967153707054e-05,0,-78.89659143984318
2019-06-24,fold_5,Low-vol plateau,-0.0004331798409111798,-1,0.0013679296243935823,1,-0.0013679296243935823,0.1503734588623047,0.9999816417694092,6.125465006334707e-06,1.2250930012669414e-05,0,-13.679296243935823
2019-06-25,fold_5,Low-vol plateau,-0.0032533020712435246,-1,-0.0026604935992509127,-1,0.0026604935992509127,0.15343403816223145,0.999987006187439,4.3151999307156075e-06,8.630399861431215e-06,1,26.604935992509127
2019-06-26,fold_5,Low-vol plateau,-0.0011480586836114526,-1,0.00042085087625309825,1,-0.00042085087625309825,0.15294861793518066,0.9999940395355225,1.9702558802237036e-06,3.940511760447407e-06,0,-4.2085087625309825
2019-06-27,fold_5,Low-vol plateau,0.0004806356446351856,1,-0.0001591937179910019,-1,-0.0001591937179910019,0.15276503562927246,0.9999884366989136,3.8488087739096954e-06,7.697617547819391e-06,0,-1.591937179910019
2019-06-28,fold_5,Low-vol plateau,-0.0008016313659027219,-1,-0.00070458889240399,-1,0.00070458889240399,0.15357732772827148,0.9999810457229614,6.317245606624056e-06,1.2634491213248111e-05,1,7.0458889240399
2019-07-01,fold_5,Low-vol plateau,-0.005688287317752838,-1,-0.0068176812492311,-1,0.0068176812492311,0.16144204139709473,0.9999921321868896,2.628028369144886e-06,5.256056738289772e-06,1,68.176812492311
2019-07-02,fold_5,Low-vol plateau,-0.0009598751785233617,-1,0.0004969057627022266,1,-0.0004969057627022266,0.1608649492263794,0.9999898672103882,3.3684991649352014e-06,6.736998329870403e-06,0,-4.969057627022266
2019-07-03,fold_5,Low-vol plateau,-0.0033497444819658995,-1,-0.00045158492866903543,-1,0.00045158492866903543,0.16138911247253418,0.9999926090240479,2.4433147700619884e-06,4.886629540123977e-06,1,4.515849286690354
2019-07-05,fold_5,Low-vol plateau,-0.006640631705522537,-1,-0.005175866652280092,-1,0.005175866652280092,0.16740024089813232,0.9999865293502808,4.470528892852599e-06,8.941057785705198e-06,1,51.75866652280092
2019-07-08,fold_5,Low-vol plateau,-0.0030164686031639576,-1,-0.0010094279423356056,-1,0.0010094279423356056,0.16857874393463135,0.9999897480010986,3.425391014388879e-06,6.850782028777758e-06,1,10.094279423356056
2019-07-09,fold_5,Low-vol plateau,-0.0026546844746917486,-1,-0.0006948888185434043,-1,0.0006948888185434043,0.16939079761505127,0.9999897480010986,3.415445235077641e-06,6.830890470155282e-06,1,6.948888185434043
2019-07-10,fold_5,Low-vol plateau,0.0008733894792385399,1,0.004514812957495451,1,0.004514812957495451,0.17467033863067627,0.9999896287918091,3.4714701087068534e-06,6.942940217413707e-06,1,45.14812957495451
2019-07-11,fold_5,Low-vol plateau,-0.0013714099768549204,-1,-0.0005738722975365818,-1,0.0005738722975365818,0.17534446716308594,0.9999814033508301,6.212075732037192e-06,1.2424151464074384e-05,1,5.7387229753658175
2019-07-12,fold_5,Low-vol plateau,0.0016771600348874927,1,0.001747183850966394,1,0.001747183850966394,0.1773979663848877,0.9999845027923584,5.161960871191695e-06,1.032392174238339e-05,1,17.47183850966394
2019-07-16,fold_5,Low-vol plateau,-0.004427791573107243,-1,-0.004395125899463892,-1,0.004395125899463892,0.18257272243499756,0.9999868869781494,4.360525963420514e-06,8.721051926841028e-06,1,43.95125899463892
2019-07-17,fold_5,Low-vol plateau,-0.0011608839267864823,-1,0.0015496194828301668,1,-0.0015496194828301668,0.18074023723602295,0.9999881982803345,3.934620053769322e-06,7.869240107538644e-06,0,-15.496194828301668
2019-07-18,fold_5,Low-vol plateau,0.0016310568898916245,1,0.0028379710856825113,1,0.0028379710856825113,0.1840912103652954,0.9999865293502808,4.476681169762742e-06,8.953362339525484e-06,1,28.379710856825113
2019-07-19,fold_5,Low-vol plateau,-0.005015564151108265,-1,-0.003836731193587184,-1,0.003836731193587184,0.18863427639007568,0.9999880790710449,3.9540041143482085e-06,7.908008228696417e-06,1,38.36731193587184
2019-07-22,fold_5,Low-vol plateau,-0.0034300924744457006,-1,-0.0010869659017771482,-1,0.0010869659017771482,0.18992626667022705,0.9999915361404419,2.8298227334744297e-06,5.659645466948859e-06,1,10.869659017771482
2019-07-23,fold_5,Low-vol plateau,-0.005931652616709471,-1,-0.004895445425063372,-1,0.004895445425063372,0.19575154781341553,0.9999872446060181,4.263713435648242e-06,8.527426871296484e-06,1,48.95445425063372
2019-07-24,fold_5,Low-vol plateau,-0.0025907501112669706,-1,-0.0007910756976343691,-1,0.0007910756976343691,0.19669747352600098,0.9999877214431763,4.085044110979652e-06,8.170088221959304e-06,1,7.910756976343691
2019-07-25,fold_5,Low-vol plateau,-0.0033715420868247747,-1,0.0003343336284160614,1,-0.0003343336284160614,0.19629740715026855,0.9999878406524658,4.058897502545733e-06,8.117795005091466e-06,0,-3.343336284160614
2019-07-26,fold_5,Low-vol plateau,-0.0027156351134181023,-1,-0.0012578507885336876,-1,0.0012578507885336876,0.19780218601226807,0.9999912977218628,2.908546775870491e-06,5.817093551740982e-06,1,12.578507885336876
2019-07-29,fold_5,Low-vol plateau,-0.0014698938466608524,-1,0.000980583718046546,1,-0.000980583718046546,0.19662761688232422,0.9999884366989136,3.8664279600197915e-06,7.732855920039583e-06,0,-9.80583718046546
2019-07-30,fold_5,Low-vol plateau,-0.00167269934900105,-1,0.0013388646766543388,1,-0.0013388646766543388,0.19502556324005127,0.9999885559082031,3.8076668715802953e-06,7.6153337431605905e-06,0,-13.388646766543388
2019-07-31,fold_5,Low-vol plateau,-0.005674692802131176,-1,-0.007728002034127712,-1,0.007728002034127712,0.2042607069015503,0.9999740123748779,8.6645577539457e-06,1.73291155078914e-05,1,77.28002034127712
2019-08-01,fold_5,Low-vol plateau,-0.0010902006179094315,-1,0.0006425735191442072,1,-0.0006425735191442072,0.20348680019378662,0.9999836683273315,5.457430688693421e-06,1.0914861377386842e-05,0,-6.425735191442072
2019-08-02,fold_5,Low-vol plateau,-0.0021187327802181244,-1,0.0026325583457946777,1,-0.0026325583457946777,0.2003185749053955,0.999984622001648,5.142012014403008e-06,1.0284024028806016e-05,0,-26.325583457946777
2019-08-05,fold_5,Low-vol plateau,0.0012684280518442392,1,0.012222036719322205,1,0.012222036719322205,0.21498894691467285,0.9999781847000122,7.260185611812631e-06,1.4520371223625261e-05,1,122.22036719322205
2019-08-06,fold_5,Low-vol plateau,-0.002569901989772916,-1,-0.003272486152127385,-1,0.003272486152127385,0.2189650535583496,0.999972939491272,8.998099474410992e-06,1.7996198948821984e-05,1,32.72486152127385
2019-08-07,fold_5,Low-vol plateau,0.0004739091673400253,1,-0.0002352914452785626,-1,-0.0002352914452785626,0.21867823600769043,0.9999837875366211,5.386888460634509e-06,1.0773776921269018e-05,0,-2.352914452785626
2019-08-08,fold_5,Low-vol plateau,-0.002267734846100211,-1,-0.0015326269203796983,-1,0.0015326269203796983,0.22054612636566162,0.9999860525131226,4.62815069113276e-06,9.25630138226552e-06,1,15.326269203796983
2019-08-09,fold_5,Low-vol plateau,-0.001999789848923683,-1,0.0019053779542446136,1,-0.0019053779542446136,0.21822047233581543,0.9999829530715942,5.668468020303408e-06,1.1336936040606815e-05,0,-19.053779542446136
2019-08-13,fold_5,Low-vol plateau,-0.0057570780627429485,-1,-0.0036772366147488356,-1,0.0036772366147488356,0.2227001190185547,0.9999724626541138,9.189609954773914e-06,1.8379219909547828e-05,1,36.772366147488356
2019-08-14,fold_5,Low-vol plateau,-0.0044240802526474,-1,-0.003019839758053422,-1,0.003019839758053422,0.22639238834381104,0.9999872446060181,4.235052529111272e-06,8.470105058222543e-06,1,30.19839758053422
2019-08-15,fold_5,Low-vol plateau,-0.0018805180443450809,-1,-0.0026672929525375366,-1,0.0026672929525375366,0.22966361045837402,0.9999866485595703,4.4328321564535145e-06,8.865664312907029e-06,1,26.672929525375366
2019-08-16,fold_5,Low-vol plateau,-0.0017014070181176066,-1,-0.0017750132828950882,-1,0.0017750132828950882,0.23184633255004883,0.9999818801879883,6.023818059475161e-06,1.2047636118950322e-05,1,17.750132828950882
2019-08-19,fold_5,Low-vol plateau,-0.0028180901426821947,-1,-0.0009641959914006293,-1,0.0009641959914006293,0.23303401470184326,0.9999862909317017,4.557535703497706e-06,9.115071406995412e-06,1,9.641959914006293
2019-08-20,fold_5,Low-vol plateau,-0.0010560014052316546,-1,0.001320609007962048,1,-0.001320609007962048,0.2314056158065796,0.9999865293502808,4.497046575124841e-06,8.994093150249682e-06,0,-13.20609007962048
2019-08-21,fold_5,Low-vol plateau,-0.0024021256249397993,-1,-0.0006321496912278235,-1,0.0006321496912278235,0.2321840524673462,0.999985933303833,4.6690579438291024e-06,9.338115887658205e-06,1,6.321496912278235
2019-08-22,fold_5,Low-vol plateau,-0.0013495387975126505,-1,-0.0006096552242524922,-1,0.0006096552242524922,0.23293519020080566,0.9999854564666748,4.834870196646079e-06,9.669740393292159e-06,1,6.096552242524922
2019-08-23,fold_5,Low-vol plateau,0.0002926487650256604,1,0.005326444748789072,1,0.005326444748789072,0.23950231075286865,0.9999792575836182,6.904697784193559e-06,1.3809395568387117e-05,1,53.26444748789072
2019-08-26,fold_5,Low-vol plateau,-0.004632040858268738,-1,-0.0035310082603245974,-1,0.0035310082603245974,0.24387896060943604,0.9999818801879883,6.029801625118125e-06,1.205960325023625e-05,1,35.310082603245974
2019-08-27,fold_5,Low-vol plateau,-0.000392246525734663,-1,-0.0012309884186834097,-1,0.0012309884186834097,0.24541008472442627,0.9999901056289673,3.2847326565388357e-06,6.5694653130776715e-06,1,12.309884186834097
2019-08-28,fold_5,Low-vol plateau,-0.0020378853660076857,-1,-0.0003769751638174057,-1,0.0003769751638174057,0.24587953090667725,0.9999837875366211,5.409587174654007e-06,1.0819174349308014e-05,1,3.769751638174057
2019-08-29,fold_5,Low-vol plateau,-0.003111849306151271,-1,-0.0021569994278252125,-1,0.0021569994278252125,0.2485668659210205,0.9999885559082031,3.820939127763268e-06,7.641878255526535e-06,1,21.569994278252125
2019-08-30,fold_5,Low-vol plateau,-0.004924295470118523,-1,-0.0063423048704862595,-1,0.0063423048704862595,0.2564857006072998,0.9999861717224121,4.615137640939793e-06,9.230275281879585e-06,1,63.423048704862595
2019-09-03,fold_5,Low-vol plateau,-0.00033111320226453245,-1,0.0005487410235218704,1,-0.0005487410235218704,0.2557961940765381,0.999976634979248,7.76668093749322e-06,1.553336187498644e-05,0,-5.487410235218704
2019-09-04,fold_5,Low-vol plateau,0.0034654613118618727,1,0.005506451241672039,1,0.005506451241672039,0.2627110481262207,0.9999850988388062,4.948459263687255e-06,9.89691852737451e-06,1,55.06451241672039
2019-09-05,fold_5,Low-vol plateau,-0.0008245370700024068,-1,0.0001214242001879029,1,-0.0001214242001879029,0.2625577449798584,0.9999878406524658,4.036290192743763e-06,8.072580385487527e-06,0,-1.214242001879029
2019-09-06,fold_5,Low-vol plateau,0.0009955258574336767,1,-0.0014217004645615816,-1,-0.0014217004645615816,0.2607628107070923,0.9999866485595703,4.4494140638562385e-06,8.898828127712477e-06,0,-14.217004645615816
2019-09-09,fold_5,Low-vol plateau,0.0012351357145234942,1,0.002519046887755394,1,0.002519046887755394,0.26393866539001465,0.9999878406524658,4.038306087750243e-06,8.076612175500486e-06,1,25.19046887755394
2019-09-10,fold_5,Low-vol plateau,-0.0010093183955177665,-1,0.00017673612455837429,1,-0.00017673612455837429,0.2637152671813965,0.9999843835830688,5.197348855290329e-06,1.0394697710580658e-05,0,-1.7673612455837429
2019-09-11,fold_5,Low-vol plateau,-0.0025314753875136375,-1,-0.003337112022563815,-1,0.003337112022563815,0.2679324150085449,0.9999853372573853,4.87161605633446e-06,9.74323211266892e-06,1,33.37112022563815
2019-09-12,fold_5,Low-vol plateau,0.0024579192977398634,1,0.004069486167281866,1,0.004069486167281866,0.2730921506881714,0.9999836683273315,5.447879175335402e-06,1.0895758350670803e-05,1,40.69486167281866
2019-09-13,fold_5,Low-vol plateau,8.718455501366407e-05,1,0.0022721209097653627,1,0.0022721209097653627,0.2759847640991211,0.9999918937683105,2.7171347483090358e-06,5.4342694966180716e-06,1,22.721209097653627
2019-09-17,fold_5,Low-vol plateau,0.005199343431740999,1,0.00624600937590003,1,0.00624600937590003,0.2839545011520386,0.9999924898147583,2.506865257601021e-06,5.013730515202042e-06,1,62.4600937590003
2019-09-18,fold_5,Low-vol plateau,-0.002235405147075653,-1,-0.003905115881934762,-1,0.003905115881934762,0.28896844387054443,0.9999773502349854,7.544370873802109e-06,1.5088741747604217e-05,1,39.05115881934762
2019-09-19,fold_5,Low-vol plateau,0.00269126589410007,1,0.001546817016787827,1,0.001546817016787827,0.2909623384475708,0.9999847412109375,5.064160632173298e-06,1.0128321264346596e-05,1,15.46817016787827
2019-09-20,fold_5,Low-vol plateau,-0.0034665644634515047,-1,-0.0026665497571229935,-1,0.0026665497571229935,0.29440486431121826,0.9999903440475464,3.234756377423764e-06,6.469512754847528e-06,1,26.665497571229935
2019-09-24,fold_5,Low-vol plateau,0.0011615445837378502,1,0.002104161074385047,1,0.002104161074385047,0.2971285581588745,0.9999904632568359,3.17804051519488e-06,6.35608103038976e-06,1,21.04161074385047
2019-09-25,fold_5,Low-vol plateau,-0.006669891066849232,-1,-0.005804941989481449,-1,0.005804941989481449,0.30465829372406006,0.9999887943267822,3.7318441172828898e-06,7.4636882345657796e-06,1,58.04941989481449
2019-09-26,fold_5,Low-vol plateau,-0.0016626972937956452,-1,-0.0027526237536221743,-1,0.0027526237536221743,0.3082495927810669,0.99998939037323,3.535401901899604e-06,7.070803803799208e-06,1,27.526237536221743
2019-09-27,fold_5,Low-vol plateau,0.0005415001069195569,1,0.0018274149624630809,1,0.0018274149624630809,0.31064021587371826,0.9999834299087524,5.515070370165631e-06,1.1030140740331262e-05,1,18.27414962463081
2022-01-19,fold_6,EUR crisis downturn,-0.0016418149461969733,-1,0.0012138050515204668,1,-0.0012138050515204668,-0.0012137889862060547,0.9999860525131226,4.661326784116682e-06,9.322653568233363e-06,0,-12.138050515204668
2022-01-20,fold_6,EUR crisis downturn,-0.004195132292807102,-1,-0.002613516291603446,-1,0.002613516291603446,0.0013965368270874023,0.9999802112579346,6.5897597778530326e-06,1.3179519555706065e-05,1,26.13516291603446
2022-01-21,fold_6,EUR crisis downturn,-0.0026487221475690603,-1,0.0024497758131474257,1,-0.0024497758131474257,-0.0010566115379333496,0.9999912977218628,2.8969859613425797e-06,5.793971922685159e-06,0,-24.497758131474257
2022-01-24,fold_6,EUR crisis downturn,-0.0023573085200041533,-1,-0.0015288135036826134,-1,0.0015288135036826134,0.0004706382751464844,0.999968409538269,1.0536805348237976e-05,2.1073610696475953e-05,1,15.288135036826134
2022-01-25,fold_6,EUR crisis downturn,-0.0026568614412099123,-1,-0.0017295886063948274,-1,0.0017295886063948274,0.002201080322265625,0.9999871253967285,4.295726739655947e-06,8.591453479311895e-06,1,17.295886063948274
2022-01-26,fold_6,EUR crisis downturn,-0.004662125837057829,-1,-0.005396849941462278,-1,0.005396849941462278,0.007609844207763672,0.9999892711639404,3.560592176654609e-06,7.121184353309218e-06,1,53.968499414622784
2022-01-27,fold_6,EUR crisis downturn,-0.007896493189036846,-1,-0.008583232760429382,-1,0.008583232760429382,0.0162583589553833,0.9999784231185913,7.205159363365965e-06,1.441031872673193e-05,1,85.83232760429382
2022-01-28,fold_6,EUR crisis downturn,-0.0027553176041692495,-1,0.000479530863231048,1,-0.000479530863231048,0.015771031379699707,0.9999940395355225,1.978300815608236e-06,3.956601631216472e-06,0,-4.79530863231048
2022-01-31,fold_6,EUR crisis downturn,0.0033065155148506165,1,0.0069287000223994255,1,0.0069287000223994255,0.02280902862548828,0.9999905824661255,3.1191659672913374e-06,6.238331934582675e-06,1,69.28700022399426
2022-02-01,fold_6,EUR crisis downturn,-0.0020974287763237953,-1,0.0039458139799535275,1,-0.0039458139799535275,0.018773198127746582,0.9999786615371704,7.1255276452575345e-06,1.4251055290515069e-05,0,-39.458139799535275
2022-02-02,fold_6,EUR crisis downturn,0.002793719060719013,1,0.0023053139448165894,1,0.0023053139448165894,0.021121740341186523,0.9999830722808838,5.647584657708649e-06,1.1295169315417297e-05,1,23.053139448165894
2022-02-03,fold_6,EUR crisis downturn,0.003158584935590625,1,0.012018885463476181,1,0.012018885463476181,0.033394575119018555,0.9999887943267822,3.7271690871421015e-06,7.454338174284203e-06,1,120.18885463476181
2022-02-04,fold_6,EUR crisis downturn,-0.0011602784506976604,-1,0.001695401151664555,1,-0.001695401151664555,0.03164255619049072,0.9999880790710449,3.952620318159461e-06,7.905240636318922e-06,0,-16.95401151664555
2022-02-07,fold_6,EUR crisis downturn,0.0006369351758621633,1,-0.0010641802800819278,-1,-0.0010641802800819278,0.030544757843017578,0.9999922513961792,2.5885249215207295e-06,5.177049843041459e-06,0,-10.641802800819278
2022-02-08,fold_6,EUR crisis downturn,-0.0008012053440324962,-1,-0.0018959172302857041,-1,0.0018959172302857041,0.03249859809875488,0.9999840259552002,5.324213816493284e-06,1.0648427632986568e-05,1,18.95917230285704
2022-02-09,fold_6,EUR crisis downturn,0.001686231466010213,1,2.275372389703989e-05,1,2.275372389703989e-05,0.03252208232879639,0.9999911785125732,2.9533157430705614e-06,5.906631486141123e-06,1,0.2275372389703989
2022-02-10,fold_6,EUR crisis downturn,-0.0014492421178147197,-1,-0.0005249936948530376,-1,0.0005249936948530376,0.03306412696838379,0.9999831914901733,5.617285296466434e-06,1.1234570592932869e-05,1,5.249936948530376
2022-02-14,fold_6,EUR crisis downturn,-0.0026056692004203796,-1,-0.005166933406144381,-1,0.005166933406144381,0.03840184211730957,0.999984622001648,5.10853533342015e-06,1.02170706668403e-05,1,51.669334061443806
2022-02-15,fold_6,EUR crisis downturn,0.004108812194317579,1,0.00446309894323349,1,0.00446309894323349,0.04303634166717529,0.9999788999557495,7.0392648012784775e-06,1.4078529602556955e-05,1,44.6309894323349
2022-02-16,fold_6,EUR crisis downturn,0.003395217237994075,1,0.0016266792081296444,1,0.0016266792081296444,0.04473304748535156,0.9999881982803345,3.911364728992339e-06,7.822729457984678e-06,1,16.266792081296444
2022-02-17,fold_6,EUR crisis downturn,-0.00042218464659526944,-1,-0.0007728770724497736,-1,0.0007728770724497736,0.045540452003479004,0.9999924898147583,2.5080971681745723e-06,5.016194336349145e-06,1,7.7287707244977355
2022-02-18,fold_6,EUR crisis downturn,-0.0017035789787769318,-1,-0.004334500525146723,-1,0.004334500525146723,0.050072312355041504,0.9999948740005493,1.6934802715695696e-06,3.386960543139139e-06,1,43.34500525146723
2022-02-22,fold_6,EUR crisis downturn,-0.002114097122102976,-1,0.001721999142318964,1,-0.001721999142318964,0.048264145851135254,0.9999881982803345,3.9161259337561205e-06,7.832251867512241e-06,0,-17.21999142318964
2022-02-24,fold_6,EUR crisis downturn,-0.00859192293137312,-1,-0.010172287933528423,-1,0.010172287933528423,0.058927297592163086,0.9999821186065674,5.9424287428555544e-06,1.1884857485711109e-05,1,101.72287933528423
2022-02-25,fold_6,EUR crisis downturn,0.00297309341840446,1,-0.0008610449731349945,-1,-0.0008610449731349945,0.05801546573638916,0.9999833106994629,5.563198101299349e-06,1.1126396202598698e-05,0,-8.610449731349945
2022-02-28,fold_6,EUR crisis downturn,-0.0005445259739644825,-1,0.00311812711879611,1,-0.00311812711879611,0.05471646785736084,0.9999862909317017,4.577064828481525e-06,9.15412965696305e-06,0,-31.1812711879611
2022-03-01,fold_6,EUR crisis downturn,-0.0066442652605473995,-1,-0.007414391729980707,-1,0.007414391729980707,0.06253647804260254,0.9999784231185913,7.184617516031722e-06,1.4369235032063443e-05,1,74.14391729980707
2022-03-02,fold_6,EUR crisis downturn,-0.002200377406552434,-1,-0.0018336334032937884,-1,0.0018336334032937884,0.06448483467102051,0.999984622001648,5.137482276040828e-06,1.0274964552081656e-05,1,18.336334032937884
2022-03-03,fold_6,EUR crisis downturn,-0.0051953792572021484,-1,-0.004094634670764208,-1,0.004094634670764208,0.06884348392486572,0.9999934434890747,2.1722794372180942e-06,4.3445588744361885e-06,1,40.94634670764208
2022-03-04,fold_6,EUR crisis downturn,-0.008394596166908741,-1,-0.017377527430653572,-1,0.017377527430653572,0.0874173641204834,0.999987006187439,4.327926035330165e-06,8.65585207066033e-06,1,173.77527430653572
2022-03-07,fold_6,EUR crisis downturn,-0.006619499064981937,-1,-0.0008476009825244546,-1,0.0008476009825244546,0.08833909034729004,0.9999754428863525,8.190611879399512e-06,1.6381223758799024e-05,1,8.476009825244546
2022-03-08,fold_6,EUR crisis downturn,0.002600639360025525,1,0.0030297928024083376,1,0.0030297928024083376,0.0916365385055542,0.9999830722808838,5.640991275868146e-06,1.1281982551736291e-05,1,30.297928024083376
2022-03-09,fold_6,EUR crisis downturn,0.009560818783938885,1,0.01611238159239292,1,0.01611238159239292,0.10922539234161377,0.9999701976776123,9.927220162353478e-06,1.9854440324706957e-05,1,161.12381592392921
2022-03-10,fold_6,EUR crisis downturn,-0.004886498209089041,-1,-0.005407776217907667,-1,0.005407776217907667,0.11522388458251953,0.999977707862854,7.423020178976003e-06,1.4846040357952006e-05,1,54.07776217907667
2022-03-11,fold_6,EUR crisis downturn,-0.0070656160824000835,-1,-0.007433895952999592,-1,0.007433895952999592,0.12351429462432861,0.9999746084213257,8.464897291560192e-06,1.6929794583120383e-05,1,74.33895952999592
2022-03-14,fold_6,EUR crisis downturn,-0.0010455235606059432,-1,0.001017721719108522,1,-0.001017721719108522,0.12237083911895752,0.9999819993972778,5.9992039496137295e-06,1.1998407899227459e-05,0,-10.17721719108522
2022-03-15,fold_6,EUR crisis downturn,-0.0014441736275330186,-1,0.0023914421908557415,1,-0.0023914421908557415,0.11968672275543213,0.9999881982803345,3.93896380046499e-06,7.87792760092998e-06,0,-23.914421908557415
2022-03-16,fold_6,EUR crisis downturn,0.0027550787199288607,1,0.004794404376298189,1,0.004794404376298189,0.1250549554824829,0.9999778270721436,7.371496849373216e-06,1.4742993698746432e-05,1,47.94404376298189
2022-03-17,fold_6,EUR crisis downturn,0.0005178195424377918,1,0.007037183735519648,1,0.007037183735519648,0.1329721212387085,0.9999679327011108,1.0682184438337572e-05,2.1364368876675144e-05,1,70.37183735519648
2022-03-18,fold_6,EUR crisis downturn,-0.002571794902905822,-1,-0.005079824943095446,-1,0.005079824943095446,0.13872742652893066,0.9999897480010986,3.4098236483259825e-06,6.819647296651965e-06,1,50.798249430954456
2022-03-22,fold_6,EUR crisis downturn,-0.0002541574649512768,-1,0.0011360200587660074,1,-0.0011360200587660074,0.13743376731872559,0.9999818801879883,6.034563284629257e-06,1.2069126569258515e-05,0,-11.360200587660074
2022-03-23,fold_6,EUR crisis downturn,-0.0031159401405602694,-1,-0.0021242026705294847,-1,0.0021242026705294847,0.13984990119934082,0.9999765157699585,7.836905751901213e-06,1.5673811503802426e-05,1,21.242026705294847
2022-03-24,fold_6,EUR crisis downturn,-0.0018419305561110377,-1,0.00029731090762652457,1,-0.00029731090762652457,0.13951098918914795,0.9999812841415405,6.231538918655133e-06,1.2463077837310266e-05,0,-2.9731090762652457
2022-03-25,fold_6,EUR crisis downturn,0.00026186436298303306,1,-0.00251486012712121,-1,-0.00251486012712121,0.13664531707763672,0.9999847412109375,5.079009042674443e-06,1.0158018085348886e-05,0,-25.1486012712121
2022-03-28,fold_6,EUR crisis downturn,-0.004907866474241018,-1,0.001088330172933638,1,-0.001088330172933638,0.13540828227996826,0.9999834299087524,5.513702035386814e-06,1.1027404070773628e-05,0,-10.883301729336381
2022-03-29,fold_6,EUR crisis downturn,0.0016834475100040436,1,0.008884331211447716,1,0.008884331211447716,0.14549565315246582,0.9999849796295166,4.986976364307338e-06,9.973952728614677e-06,1,88.84331211447716
2022-03-30,fold_6,EUR crisis downturn,0.0019877355080097914,1,0.006339906714856625,1,0.006339906714856625,0.15275800228118896,0.999987006187439,4.3179752537980676e-06,8.635950507596135e-06,1,63.399067148566246
2022-03-31,fold_6,EUR crisis downturn,-0.004122072830796242,-1,-0.00801636092364788,-1,0.00801636092364788,0.16199886798858643,0.9999760389328003,7.969545549713075e-06,1.593909109942615e-05,1,80.1636092364788
2022-04-01,fold_6,EUR crisis downturn,-0.003194466233253479,-1,-0.0022647094447165728,-1,0.0022647094447165728,0.16463053226470947,0.9999747276306152,8.42740701045841e-06,1.685481402091682e-05,1,22.647094447165728
2022-04-04,fold_6,EUR crisis downturn,-0.0028782635927200317,-1,-0.006464783102273941,-1,0.006464783102273941,0.17215967178344727,0.9999784231185913,7.195539183157962e-06,1.4391078366315924e-05,1,64.64783102273941
2022-04-05,fold_6,EUR crisis downturn,-0.00599198741838336,-1,-0.006325795315206051,-1,0.006325795315206051,0.1795746088027954,0.9999759197235107,8.011860700207762e-06,1.6023721400415525e-05,1,63.25795315206051
2022-04-06,fold_6,EUR crisis downturn,-0.001878894749097526,-1,-0.0007518871570937335,-1,0.0007518871570937335,0.18046152591705322,0.9999802112579346,6.575830411748029e-06,1.3151660823496059e-05,1,7.5188715709373355
2022-04-07,fold_6,EUR crisis downturn,-0.0018350229365751147,-1,-0.0030639569740742445,-1,0.0030639569740742445,0.18407833576202393,0.9999785423278809,7.1474364631285425e-06,1.4294872926257085e-05,1,30.639569740742445
2022-04-08,fold_6,EUR crisis downturn,-0.0010778428986668587,-1,0.0018505415646359324,1,-0.0018505415646359324,0.18188714981079102,0.9999812841415405,6.234057309484342e-06,1.2468114618968684e-05,0,-18.505415646359324
2022-04-11,fold_6,EUR crisis downturn,-0.0023899939842522144,-1,-0.0006418824777938426,-1,0.0006418824777938426,0.1826457977294922,0.9999756813049316,8.089274160738569e-06,1.6178548321477138e-05,1,6.4188247779384255
2022-04-12,fold_6,EUR crisis downturn,-0.0022208697628229856,-1,-0.004763457924127579,-1,0.004763457924127579,0.18827927112579346,0.9999656677246094,1.1422559509810526e-05,2.2845119019621052e-05,1,47.63457924127579
2022-04-13,fold_6,EUR crisis downturn,0.00228136801160872,1,0.00650522205978632,1,0.00650522205978632,0.19600927829742432,0.9999819993972778,5.992152182443533e-06,1.1984304364887066e-05,1,65.0522205978632
2022-04-14,fold_6,EUR crisis downturn,-0.008191905915737152,-1,-0.0069362265057861805,-1,0.0069362265057861805,0.20430505275726318,0.9999712705612183,9.559795216773637e-06,1.9119590433547273e-05,1,69.3622650578618
2022-04-18,fold_6,EUR crisis downturn,-0.005843157414346933,-1,-0.0030944086611270905,-1,0.0030944086611270905,0.20803165435791016,0.9999783039093018,7.248197107401211e-06,1.4496394214802422e-05,1,30.944086611270905
2022-04-19,fold_6,EUR crisis downturn,-0.0029006549157202244,-1,0.0011765266535803676,1,-0.0011765266535803676,0.2066103219985962,0.9999839067459106,5.3587464208249e-06,1.07174928416498e-05,0,-11.765266535803676
2022-04-20,fold_6,EUR crisis downturn,-0.0009927289793267846,-1,0.005132047925144434,1,-0.005132047925144434,0.20041799545288086,0.9999831914901733,5.61331262360909e-06,1.122662524721818e-05,0,-51.32047925144434
2022-04-21,fold_6,EUR crisis downturn,-0.004545381758362055,-1,-0.0013543874956667423,-1,0.0013543874956667423,0.20204377174377441,0.9999791383743286,6.935962119314354e-06,1.3871924238628708e-05,1,13.543874956667423
2022-04-22,fold_6,EUR crisis downturn,-0.005312036257237196,-1,-0.0022270376794040203,-1,0.0022270376794040203,0.2047208547592163,0.9999788999557495,7.022313184279483e-06,1.4044626368558966e-05,1,22.270376794040203
2022-04-25,fold_6,EUR crisis downturn,-0.0037726403679698706,-1,-0.008957143872976303,-1,0.008957143872976303,0.21551167964935303,0.9999933242797852,2.2235556116356747e-06,4.4471112232713494e-06,1,89.57143872976303
2022-04-26,fold_6,EUR crisis downturn,-0.00653853639960289,-1,-0.006588426884263754,-1,0.006588426884263754,0.22352004051208496,0.9999779462814331,7.337090210057795e-06,1.467418042011559e-05,1,65.88426884263754
2022-04-27,fold_6,EUR crisis downturn,-0.0053274366073310375,-1,-0.008317396976053715,-1,0.008317396976053715,0.23369646072387695,0.9999867677688599,4.417729996930575e-06,8.83545999386115e-06,1,83.17396976053715
2022-04-28,fold_6,EUR crisis downturn,-0.005656665191054344,-1,-0.004821411799639463,-1,0.004821411799639463,0.23964464664459229,0.999983549118042,5.474885711009847e-06,1.0949771422019694e-05,1,48.214117996394634
2022-05-02,fold_6,EUR crisis downturn,-0.006633730139583349,-1,-0.002553798258304596,-1,0.002553798258304596,0.24281048774719238,0.999984622001648,5.121726189827314e-06,1.0243452379654627e-05,1,25.53798258304596
2022-05-06,fold_6,EUR crisis downturn,-0.0033459493424743414,-1,-0.0007161782123148441,-1,0.0007161782123148441,0.24370062351226807,0.9999818801879883,6.040528660378186e-06,1.2081057320756372e-05,1,7.161782123148441
2022-05-09,fold_6,EUR crisis downturn,-0.0015493239043280482,-1,0.003190816380083561,1,-0.003190816380083561,0.23973214626312256,0.9999758005142212,8.067717317317147e-06,1.6135434634634294e-05,0,-31.90816380083561
2022-05-10,fold_6,EUR crisis downturn,-0.004601922817528248,-1,-0.0031072180718183517,-1,0.0031072180718183517,0.2435842752456665,0.9999830722808838,5.620580395770958e-06,1.1241160791541915e-05,1,31.072180718183517
2022-05-11,fold_6,EUR crisis downturn,-0.0014325258089229465,-1,-0.0019448387902230024,-1,0.0019448387902230024,0.24600279331207275,0.9999790191650391,6.992806447669864e-06,1.3985612895339727e-05,1,19.448387902230024
2022-05-12,fold_6,EUR crisis downturn,-0.006605575326830149,-1,-0.0126422718167305,-1,0.0126422718167305,0.261755108833313,0.999962568283081,1.2459992831281852e-05,2.4919985662563704e-05,1,126.42271816730499
2022-05-13,fold_6,EUR crisis downturn,0.0012253429740667343,1,0.002028132788836956,1,0.002028132788836956,0.26431405544281006,0.999957799911499,1.4072438716539182e-05,2.8144877433078364e-05,1,20.28132788836956
2022-05-16,fold_6,EUR crisis downturn,5.198568032938056e-05,1,0.003684947732836008,1,0.003684947732836008,0.2689729928970337,0.999955415725708,1.4844507859379519e-05,2.9689015718759038e-05,1,36.84947732836008
2022-05-17,fold_6,EUR crisis downturn,0.005856427364051342,1,0.01043185405433178,1,0.01043185405433178,0.2822108268737793,0.999971866607666,9.374348337587435e-06,1.874869667517487e-05,1,104.3185405433178
2022-05-18,fold_6,EUR crisis downturn,-0.007620492018759251,-1,-0.007121461909264326,-1,0.007121461909264326,0.29134202003479004,0.9999676942825317,1.076989428838715e-05,2.15397885767743e-05,1,71.21461909264326
2022-05-19,fold_6,EUR crisis downturn,0.011003056541085243,1,0.010145164094865322,1,0.010145164094865322,0.3044428825378418,0.999971866607666,9.36419382924214e-06,1.872838765848428e-05,1,101.45164094865322
2022-05-20,fold_6,EUR crisis downturn,-0.004040982108563185,-1,-0.000866660091560334,-1,0.000866660091560334,0.30557334423065186,0.9999818801879883,6.024302820151206e-06,1.2048605640302412e-05,1,8.66660091560334
2022-05-23,fold_6,EUR crisis downturn,0.009786338545382023,1,0.010617928579449654,1,0.010617928579449654,0.31943583488464355,0.9999803304672241,6.5612221078481525e-06,1.3122444215696305e-05,1,106.17928579449654
2022-05-24,fold_6,EUR crisis downturn,0.0013902398059144616,1,0.005099795293062925,1,0.005099795293062925,0.3261646032333374,0.9999839067459106,5.344926648831461e-06,1.0689853297662921e-05,1,50.99795293062925
2022-05-25,fold_6,EUR crisis downturn,0.0005696658045053482,1,-0.004648668225854635,-1,-0.004648668225854635,0.31999969482421875,0.9999760389328003,7.998216460691765e-06,1.599643292138353e-05,0,-46.48668225854635
2022-05-26,fold_6,EUR crisis downturn,0.005111010279506445,1,0.004336175508797169,1,0.004336175508797169,0.32572340965270996,0.9999791383743286,6.955153821763815e-06,1.391030764352763e-05,1,43.36175508797169
2022-05-27,fold_6,EUR crisis downturn,0.0037101004272699356,1,-0.0001395020226482302,-1,-0.0001395020226482302,0.3255385160446167,0.9999721050262451,9.304593731940258e-06,1.8609187463880517e-05,0,-1.395020226482302
2022-05-31,fold_6,EUR crisis downturn,-0.0008823561365716159,-1,-0.0036603042390197515,-1,0.0036603042390197515,0.33039045333862305,0.9999841451644897,5.29873159393901e-06,1.059746318787802e-05,1,36.603042390197515
2022-06-01,fold_6,EUR crisis downturn,-0.0054535530507564545,-1,-0.007447231560945511,-1,0.007447231560945511,0.3402981758117676,0.9999890327453613,3.6510689369606553e-06,7.3021378739213105e-06,1,74.47231560945511
2022-06-02,fold_6,EUR crisis downturn,0.006468237843364477,1,0.009095413610339165,1,0.009095413610339165,0.35248875617980957,0.9999854564666748,4.8631754907546565e-06,9.726350981509313e-06,1,90.95413610339165
2022-06-03,fold_6,EUR crisis downturn,-0.0016576513880863786,-1,-0.0023275099229067564,-1,0.0023275099229067564,0.35563671588897705,0.9999884366989136,3.8647176552331075e-06,7.729435310466215e-06,1,23.275099229067564
2022-06-06,fold_6,EUR crisis downturn,0.0001822550839278847,1,-0.003228839486837387,-1,-0.003228839486837387,0.35125958919525146,0.9999878406524658,4.0596646613266785e-06,8.119329322653357e-06,0,-32.28839486837387
2022-06-07,fold_6,EUR crisis downturn,0.0026890335138887167,1,0.0006740176468156278,1,0.0006740176468156278,0.35217034816741943,0.9999765157699585,7.81122889748076e-06,1.562245779496152e-05,1,6.740176468156278
2022-06-08,fold_6,EUR crisis downturn,-0.0005714319995604455,-1,0.0017791216960176826,1,-0.0017791216960176826,0.34976470470428467,0.9999831914901733,5.6144172049243934e-06,1.1228834409848787e-05,0,-17.791216960176826
2022-06-09,fold_6,EUR crisis downturn,-0.006374017801135778,-1,-0.009185684844851494,-1,0.009185684844851494,0.3621631860733032,0.9999868869781494,4.375835487735458e-06,8.751670975470915e-06,1,91.85684844851494
2022-06-10,fold_6,EUR crisis downturn,-0.009014070965349674,-1,-0.012168340384960175,-1,0.012168340384960175,0.3787384033203125,0.9999814033508301,6.194707111717435e-06,1.238941422343487e-05,1,121.68340384960175
2022-06-13,fold_6,EUR crisis downturn,-0.006608727853745222,-1,-0.0071343835443258286,-1,0.0071343835443258286,0.3885749578475952,0.9999690055847168,1.0328372809453867e-05,2.0656745618907735e-05,1,71.34383544325829
2022-06-14,fold_6,EUR crisis downturn,-0.0026638309936970472,-1,0.0024430977646261454,1,-0.0024430977646261454,0.38518261909484863,0.9999759197235107,8.010090823518112e-06,1.6020181647036225e-05,0,-24.430977646261454
2022-06-15,fold_6,EUR crisis downturn,0.00136966397985816,1,0.0014952836791053414,1,0.0014952836791053414,0.3872537612915039,0.9999889135360718,3.6867920698568923e-06,7.373584139713785e-06,1,14.952836791053414
2022-06-16,fold_6,EUR crisis downturn,0.004574043210595846,1,0.00866952445358038,1,0.00866952445358038,0.3992805480957031,0.9999494552612305,1.6840616808622144e-05,3.368123361724429e-05,1,86.6952445358038
2022-06-17,fold_6,EUR crisis downturn,-0.005337407346814871,-1,-0.005256267264485359,-1,0.005256267264485359,0.4066355228424072,0.999958872795105,1.3717747606278863e-05,2.7435495212557726e-05,1,52.56267264485359
2022-06-21,fold_6,EUR crisis downturn,0.0021605638321489096,1,0.001126965624280274,1,0.001126965624280274,0.4082207679748535,0.9999650716781616,1.1627471394604072e-05,2.3254942789208144e-05,1,11.26965624280274
2022-06-22,fold_6,EUR crisis downturn,0.0014265247154980898,1,0.0029896728228777647,1,0.0029896728228777647,0.41243088245391846,0.9999803304672241,6.572586244146805e-06,1.314517248829361e-05,1,29.896728228777647
2022-06-23,fold_6,EUR crisis downturn,0.0004797959700226784,1,-0.004165956750512123,-1,-0.004165956750512123,0.4065467119216919,0.9999874830245972,4.188032562524313e-06,8.376065125048626e-06,0,-41.65956750512123
2022-06-24,fold_6,EUR crisis downturn,0.0038700606673955917,1,0.004374321084469557,1,0.004374321084469557,0.4126993417739868,0.9999922513961792,2.577233317424543e-06,5.154466634849086e-06,1,43.74321084469557
2022-06-27,fold_6,EUR crisis downturn,0.00189120729919523,1,0.0013967370614409447,1,0.0013967370614409447,0.4146726131439209,0.9999895095825195,3.501077117107343e-06,7.002154234214686e-06,1,13.967370614409447
2022-06-28,fold_6,EUR crisis downturn,-0.004426557570695877,-1,-0.0054197353310883045,-1,0.0054197353310883045,0.4223397970199585,0.9999871253967285,4.28264183938154e-06,8.56528367876308e-06,1,54.197353310883045
2022-06-29,fold_6,EUR crisis downturn,-0.0003998139873147011,-1,-0.007312588859349489,-1,0.007312588859349489,0.4327406883239746,0.9999854564666748,4.8496453928237315e-06,9.699290785647463e-06,1,73.12588859349489
2022-06-30,fold_6,EUR crisis downturn,0.004478494171053171,1,0.0029757271986454725,1,0.0029757271986454725,0.43700408935546875,0.9999877214431763,4.0846575757313985e-06,8.169315151462797e-06,1,29.757271986454725
2022-07-01,fold_6,EUR crisis downturn,-0.0006074782577343285,-1,-0.0041735912673175335,-1,0.0041735912673175335,0.4430016279220581,0.9999850988388062,4.953162260790123e-06,9.906324521580245e-06,1,41.735912673175335
2022-07-05,fold_6,EUR crisis downturn,-0.007841537706553936,-1,-0.01682257279753685,-1,0.01682257279753685,0.4672766923904419,0.999983549118042,5.47599529454601e-06,1.095199058909202e-05,1,168.2257279753685
2022-07-06,fold_6,EUR crisis downturn,-0.005169042386114597,-1,-0.006947201211005449,-1,0.006947201211005449,0.4774700403213501,0.9999678134918213,1.071634324034676e-05,2.143268648069352e-05,1,69.4720121100545
2022-07-07,fold_6,EUR crisis downturn,0.0023133177310228348,1,-0.0016271539498120546,-1,-0.0016271539498120546,0.4750659465789795,0.9999735355377197,8.799100214673672e-06,1.7598200429347344e-05,0,-16.271539498120546
2022-07-08,fold_6,EUR crisis downturn,0.001416594721376896,1,-0.0003659561334643513,-1,-0.0003659561334643513,0.47452616691589355,0.9999796152114868,6.805842531321105e-06,1.361168506264221e-05,0,-3.659561334643513
2022-07-11,fold_6,EUR crisis downturn,-0.004799266811460257,-1,-0.01166516449302435,-1,0.01166516449302435,0.4917266368865967,0.9999836683273315,5.435760158434277e-06,1.0871520316868555e-05,1,116.65164493024349
2022-07-12,fold_6,EUR crisis downturn,0.0019118828931823373,1,-0.0014347791438922286,-1,-0.0014347791438922286,0.48958635330200195,0.9999725818634033,9.143381248577498e-06,1.8286762497154996e-05,0,-14.347791438922286
2022-07-13,fold_6,EUR crisis downturn,0.0024123722687363625,1,-4.015977538074367e-05,-1,-4.015977538074367e-05,0.48952651023864746,0.9999661445617676,1.1294278920104261e-05,2.2588557840208523e-05,0,-0.4015977538074367
2022-07-14,fold_6,EUR crisis downturn,-0.0007635562797077,-1,-0.0007017548778094351,-1,0.0007017548778094351,0.49057185649871826,0.9999773502349854,7.556278887932422e-06,1.5112557775864843e-05,1,7.017548778094351
2022-07-15,fold_6,EUR crisis downturn,0.0052573480643332005,1,0.007047208957374096,1,0.007047208957374096,0.5010762214660645,0.9999825954437256,5.796145160275046e-06,1.1592290320550092e-05,1,70.47208957374096
2022-07-19,fold_6,EUR crisis downturn,0.004963078070431948,1,0.008491970598697662,1,0.008491970598697662,0.513823390007019,0.999984622001648,5.14220300829038e-06,1.028440601658076e-05,1,84.91970598697662
2022-07-20,fold_6,EUR crisis downturn,-0.0029188250191509724,-1,-0.004745147656649351,-1,0.004745147656649351,0.52100670337677,0.9999749660491943,8.35874834592687e-06,1.671749669185374e-05,1,47.45147656649351
2022-07-21,fold_6,EUR crisis downturn,0.00017583211592864245,1,0.00376132526434958,1,0.00376132526434958,0.5267276763916016,0.9999785423278809,7.141703008528566e-06,1.4283406017057132e-05,1,37.6132526434958
2022-07-22,fold_6,EUR crisis downturn,-0.0023639225400984287,-1,-0.002039989223703742,-1,0.002039989223703742,0.5298422574996948,0.9999747276306152,8.407669156440534e-06,1.6815338312881067e-05,1,20.39989223703742
2022-07-25,fold_6,EUR crisis downturn,0.0008384072571061552,1,0.0024232829455286264,1,0.0024232829455286264,0.5335495471954346,0.999970555305481,9.81390621745959e-06,1.962781243491918e-05,1,24.232829455286264
2022-07-26,fold_6,EUR crisis downturn,-0.008112621493637562,-1,-0.009329265914857388,-1,0.009329265914857388,0.5478565692901611,0.9999847412109375,5.092878382129129e-06,1.0185756764258258e-05,1,93.29265914857388
2022-07-27,fold_6,EUR crisis downturn,0.006137635558843613,1,0.007871334441006184,1,0.007871334441006184,0.5600403547286987,0.9999837875366211,5.395287644205382e-06,1.0790575288410764e-05,1,78.71334441006184
2022-07-28,fold_6,EUR crisis downturn,-0.0017564682057127357,-1,-0.0016614561900496483,-1,0.0016614561900496483,0.5626322031021118,0.9999796152114868,6.773603217880009e-06,1.3547206435760017e-05,1,16.614561900496483
2022-07-29,fold_6,EUR crisis downturn,0.0009746234863996506,1,0.001561881392262876,1,0.001561881392262876,0.5650728940963745,0.9999855756759644,4.78938363812631e-06,9.57876727625262e-06,1,15.61881392262876
2022-08-01,fold_6,EUR crisis downturn,-0.0006993701099418104,-1,0.005202550906687975,1,-0.005202550906687975,0.5569305419921875,0.9999774694442749,7.493702469218988e-06,1.4987404938437976e-05,0,-52.02550906687975
2022-08-02,fold_6,EUR crisis downturn,-0.007548065390437841,-1,-0.010297809727489948,-1,0.010297809727489948,0.5729634761810303,0.9999727010726929,9.081053576664999e-06,1.8162107153329998e-05,1,102.97809727489948
2022-08-03,fold_6,EUR crisis downturn,-0.00017559481784701347,-1,0.00019285830785520375,1,-0.00019285830785520375,0.5726600885391235,0.9999890327453613,3.647343419288518e-06,7.294686838577036e-06,0,-1.9285830785520375
2022-08-04,fold_6,EUR crisis downturn,0.005235163029283285,1,0.008874700404703617,1,0.008874700404703617,0.5866168737411499,0.9999817609786987,6.071318239264656e-06,1.2142636478529312e-05,1,88.74700404703617
2022-08-05,fold_6,EUR crisis downturn,-0.009769372642040253,-1,-0.007506103254854679,-1,0.007506103254854679,0.5985262393951416,0.9999853372573853,4.899095984001178e-06,9.798191968002357e-06,1,75.06103254854679
2022-08-08,fold_6,EUR crisis downturn,0.001354175852611661,1,0.002630935749039054,1,0.002630935749039054,0.6027318239212036,0.999985933303833,4.668014298658818e-06,9.336028597317636e-06,1,26.30935749039054
2022-08-09,fold_6,EUR crisis downturn,0.0011906168656423688,1,0.001031049294397235,1,0.001031049294397235,0.6043843030929565,0.9999902248382568,3.240428441131371e-06,6.480856882262742e-06,1,10.31049294397235
2022-08-10,fold_6,EUR crisis downturn,0.007308732718229294,1,0.00907498225569725,1,0.00907498225569725,0.6189439296722412,0.9999727010726929,9.092607797356322e-06,1.8185215594712645e-05,1,90.7498225569725
2022-08-12,fold_6,EUR crisis downturn,-0.0033617333974689245,-1,-0.005846230313181877,-1,0.005846230313181877,0.628408670425415,0.9999852180480957,4.92531580675859e-06,9.85063161351718e-06,1,58.46230313181877
2022-08-15,fold_6,EUR crisis downturn,-0.00899083074182272,-1,-0.009206736460328102,-1,0.009206736460328102,0.643401026725769,0.9999802112579346,6.596421371796168e-06,1.3192842743592337e-05,1,92.06736460328102
2022-08-16,fold_6,EUR crisis downturn,-0.0023887117858976126,-1,0.0008543621515855193,1,-0.0008543621515855193,0.6419969797134399,0.9999918937683105,2.685135086721857e-06,5.370270173443714e-06,0,-8.543621515855193
2022-08-17,fold_6,EUR crisis downturn,-0.0030285862740129232,-1,0.000936616794206202,1,-0.000936616794206202,0.6404590606689453,0.9999849796295166,5.008011157769943e-06,1.0016022315539885e-05,0,-9.36616794206202
2022-08-18,fold_6,EUR crisis downturn,-0.008996657095849514,-1,-0.00886909943073988,-1,0.00886909943073988,0.6550084352493286,0.9999836683273315,5.4338811423804145e-06,1.0867762284760829e-05,1,88.6909943073988
2022-08-19,fold_6,EUR crisis downturn,-0.008681241422891617,-1,-0.005418936721980572,-1,0.005418936721980572,0.663976788520813,0.9999747276306152,8.411152521148324e-06,1.6822305042296648e-05,1,54.18936721980572
2022-08-22,fold_6,EUR crisis downturn,-0.010538008995354176,-1,-0.009541994892060757,-1,0.009541994892060757,0.6798543930053711,0.99997878074646,7.06651098880684e-06,1.413302197761368e-05,1,95.41994892060757
2022-08-23,fold_6,EUR crisis downturn,7.623247711308068e-06,1,0.0027609101962298155,1,0.0027609101962298155,0.6844922304153442,0.9999924898147583,2.48619903686631e-06,4.97239807373262e-06,1,27.609101962298155
2022-08-24,fold_6,EUR crisis downturn,-0.004126751329749823,-1,0.00021929587819613516,1,-0.00021929587819613516,0.6841228008270264,0.9999855756759644,4.7980611270759255e-06,9.596122254151851e-06,0,-2.1929587819613516
2022-08-25,fold_6,EUR crisis downturn,-0.00046258559450507164,-1,0.00021942718012724072,1,-0.00021942718012724072,0.683753252029419,0.9999792575836182,6.922832199052209e-06,1.3845664398104418e-05,0,-2.194271801272407
2022-08-26,fold_6,EUR crisis downturn,-0.006659123580902815,-1,-0.0032698833383619785,-1,0.0032698833383619785,0.6892589330673218,0.9999728202819824,9.074576155398972e-06,1.8149152310797945e-05,1,32.698833383619785
2022-08-29,fold_6,EUR crisis downturn,-0.0032257481943815947,-1,0.00758057227358222,1,-0.00758057227358222,0.6764533519744873,0.9999829530715942,5.6710282478888985e-06,1.1342056495777797e-05,0,-75.8057227358222
2022-08-30,fold_6,EUR crisis downturn,-0.0038172879721969366,-1,0.0011028088629245758,1,-0.0011028088629245758,0.6746045351028442,0.999981164932251,6.282586582528893e-06,1.2565173165057786e-05,0,-11.028088629245758
2022-08-31,fold_6,EUR crisis downturn,-0.0009782733395695686,-1,0.001395423780195415,1,-0.001395423780195415,0.6722677946090698,0.9999802112579346,6.588707492483081e-06,1.3177414984966163e-05,0,-13.95423780195415
2022-09-01,fold_6,EUR crisis downturn,-0.006557843182235956,-1,-0.008638561703264713,-1,0.008638561703264713,0.6867139339447021,0.9999780654907227,7.32664329916588e-06,1.465328659833176e-05,1,86.38561703264713
2022-09-02,fold_6,EUR crisis downturn,-0.000475803593872115,-1,-0.004310653544962406,-1,0.004310653544962406,0.6939847469329834,0.9999819993972778,6.008281616232125e-06,1.201656323246425e-05,1,43.10653544962406
2022-09-06,fold_6,EUR crisis downturn,-0.00680503249168396,-1,-0.005453890655189753,-1,0.005453890655189753,0.7032235860824585,0.9999772310256958,7.596149316668743e-06,1.5192298633337487e-05,1,54.538906551897526
2022-09-07,fold_6,EUR crisis downturn,0.0020276654977351427,1,0.009875823743641376,1,0.009875823743641376,0.7200442552566528,0.9999698400497437,1.0057564395538066e-05,2.011512879107613e-05,1,98.75823743641376
2022-09-08,fold_6,EUR crisis downturn,0.00019878195598721504,1,0.0016320209251716733,1,0.0016320209251716733,0.7228512763977051,0.9999874830245972,4.175992216914892e-06,8.351984433829784e-06,1,16.320209251716733
2022-09-09,fold_6,EUR crisis downturn,0.0032969943713396788,1,0.00593199860304594,1,0.00593199860304594,0.7330712080001831,0.9999829530715942,5.660421265929472e-06,1.1320842531858943e-05,1,59.319986030459404
2022-09-12,fold_6,EUR crisis downturn,0.0038731698878109455,1,0.005773918703198433,1,0.005773918703198433,0.7430777549743652,0.9999599456787109,1.3346359082788695e-05,2.669271816557739e-05,1,57.73918703198433
2022-09-13,fold_6,EUR crisis downturn,-0.009627117775380611,-1,-0.014563821256160736,-1,0.014563821256160736,0.7684636116027832,0.9999814033508301,6.203837529028533e-06,1.2407675058057066e-05,1,145.63821256160736
2022-09-14,fold_6,EUR crisis downturn,0.0020104546565562487,1,0.00019961698853876442,1,0.00019961698853876442,0.7688167095184326,0.9999815225601196,6.136168394732522e-06,1.2272336789465044e-05,1,1.9961698853876442
2022-09-15,fold_6,EUR crisis downturn,0.0003649739664979279,1,0.0004294819082133472,1,0.0004294819082133472,0.7695764303207397,0.9999814033508301,6.191549346112879e-06,1.2383098692225758e-05,1,4.294819082133472
2022-09-16,fold_6,EUR crisis downturn,0.0008504530414938927,1,0.0034075863659381866,1,0.0034075863659381866,0.7756063938140869,0.9999866485595703,4.445239937922452e-06,8.890479875844903e-06,1,34.07586365938187
2022-09-20,fold_6,EUR crisis downturn,-0.00226609967648983,-1,-0.005862889811396599,-1,0.005862889811396599,0.7860164642333984,0.999984622001648,5.1056572374363896e-06,1.0211314474872779e-05,1,58.62889811396599
2022-09-21,fold_6,EUR crisis downturn,-0.0006470471853390336,-1,-0.014048072509467602,-1,0.014048072509467602,0.8111065626144409,0.9999841451644897,5.279111064737663e-06,1.0558222129475325e-05,1,140.48072509467602
2022-09-22,fold_6,EUR crisis downturn,-0.0030124380718916655,-1,0.0011022116523236036,1,-0.0011022116523236036,0.8091104030609131,0.9999816417694092,6.129484518169193e-06,1.2258969036338385e-05,0,-11.022116523236036
2022-09-26,fold_6,EUR crisis downturn,-0.0030577227007597685,-1,-0.006832936313003302,-1,0.006832936313003302,0.8214719295501709,0.9999614953994751,1.2845404853578657e-05,2.5690809707157314e-05,1,68.32936313003302
2022-09-27,fold_6,EUR crisis downturn,0.0007494335877709091,1,-0.002859671600162983,-1,-0.002859671600162983,0.8162631988525391,0.9999542236328125,1.5268142306013033e-05,3.0536284612026066e-05,0,-28.59671600162983
2022-09-28,fold_6,EUR crisis downturn,0.01161137130111456,1,0.011669258587062359,1,0.011669258587062359,0.8374576568603516,0.9999487400054932,1.7077880329452455e-05,3.415576065890491e-05,1,116.69258587062359
2022-09-29,fold_6,EUR crisis downturn,0.0027870589401572943,1,0.012503246776759624,1,0.012503246776759624,0.8604319095611572,0.9999728202819824,9.043144928000402e-06,1.8086289856000803e-05,1,125.03246776759624
2025-01-22,fold_7,Recent mixed/upturn,-0.001291428110562265,-1,0.00040599689236842096,1,-0.00040599689236842096,-0.00040596723556518555,0.9999808073043823,6.379758360708365e-06,1.275951672141673e-05,0,-4.05996892368421
2025-01-23,fold_7,Recent mixed/upturn,-0.001061644870787859,-1,0.0005624851328320801,1,-0.0005624851328320801,-0.0009682178497314453,0.9999804496765137,6.521579507534625e-06,1.304315901506925e-05,0,-5.624851328320801
2025-01-24,fold_7,Recent mixed/upturn,0.0013730227947235107,1,0.00495113804936409,1,0.00495113804936409,0.003978133201599121,0.9999786615371704,7.099366939655738e-06,1.4198733879311476e-05,1,49.5113804936409
2025-01-27,fold_7,Recent mixed/upturn,-0.004401942249387503,-1,-0.0021516145206987858,-1,0.0021516145206987858,0.006138324737548828,0.9999911785125732,2.9308448574738577e-06,5.861689714947715e-06,1,21.516145206987858
2025-01-28,fold_7,Recent mixed/upturn,-0.0016591120511293411,-1,-0.001533105387352407,-1,0.001533105387352407,0.0076808929443359375,0.9999699592590332,1.0011471204052214e-05,2.0022942408104427e-05,1,15.33105387352407
2025-01-29,fold_7,Recent mixed/upturn,-0.0015828717732802033,-1,-0.0003648616257123649,-1,0.0003648616257123649,0.008048653602600098,0.9999812841415405,6.2282961152959615e-06,1.2456592230591923e-05,1,3.648616257123649
2025-01-30,fold_7,Recent mixed/upturn,-0.0005391682498157024,-1,-0.0026825745590031147,-1,0.0026825745590031147,0.01075279712677002,0.9999887943267822,3.7492584397114115e-06,7.498516879422823e-06,1,26.825745590031147
2025-01-31,fold_7,Recent mixed/upturn,-0.002131132176145911,-1,-0.014377536252140999,-1,0.014377536252140999,0.025285005569458008,0.99998939037323,3.543108050507726e-06,7.086216101015452e-06,1,143.77536252141
2025-02-03,fold_7,Recent mixed/upturn,-0.0044992114417254925,-1,0.0077662100084125996,1,-0.0077662100084125996,0.017322421073913574,0.9999746084213257,8.44722399051534e-06,1.689444798103068e-05,0,-77.662100084126
2025-02-04,fold_7,Recent mixed/upturn,0.0033971292432397604,1,0.004398011602461338,1,0.004398011602461338,0.021796584129333496,0.9999901056289673,3.3048900149879046e-06,6.609780029975809e-06,1,43.98011602461338
2025-02-05,fold_7,Recent mixed/upturn,0.0014246077043935657,1,0.002704183105379343,1,0.002704183105379343,0.024559617042541504,0.9999908208847046,3.0727317152923206e-06,6.145463430584641e-06,1,27.04183105379343
2025-02-06,fold_7,Recent mixed/upturn,0.00030842889100313187,1,-0.0014540054835379124,-1,-0.0014540054835379124,0.02306985855102539,0.9999767541885376,7.75740591052454e-06,1.551481182104908e-05,0,-14.540054835379124
2025-02-07,fold_7,Recent mixed/upturn,-0.002219707239419222,-1,-0.007135644089430571,-1,0.007135644089430571,0.030370116233825684,0.999990701675415,3.1101517379283905e-06,6.220303475856781e-06,1,71.3564408943057
2025-02-10,fold_7,Recent mixed/upturn,-0.0009861356811597943,-1,-0.0009786115260794759,-1,0.0009786115260794759,0.03137838840484619,0.999990701675415,3.112691729256767e-06,6.225383458513534e-06,1,9.786115260794759
2025-02-12,fold_7,Recent mixed/upturn,-0.00027592797414399683,-1,0.002608470618724823,1,-0.002608470618724823,0.02868807315826416,0.9999868869781494,4.3642412492772564e-06,8.728482498554513e-06,0,-26.08470618724823
2025-02-13,fold_7,Recent mixed/upturn,0.0020209969952702522,1,0.006705875508487225,1,0.006705875508487225,0.03558635711669922,0.9999899864196777,3.335248038638383e-06,6.670496077276766e-06,1,67.05875508487225
2025-02-14,fold_7,Recent mixed/upturn,0.0014290428953245282,1,0.002632782096043229,1,0.002632782096043229,0.03831279277801514,0.9999861717224121,4.586481281876331e-06,9.172962563752662e-06,1,26.32782096043229
2025-02-18,fold_7,Recent mixed/upturn,-0.0032323652412742376,-1,-0.00353158637881279,-1,0.00353158637881279,0.04197967052459717,0.9999862909317017,4.553889539238298e-06,9.107779078476597e-06,1,35.3158637881279
2025-02-19,fold_7,Recent mixed/upturn,-0.00026120198890566826,-1,-0.002615605480968952,-1,0.002615605480968952,0.04470503330230713,0.9999877214431763,4.07303377869539e-06,8.14606755739078e-06,1,26.156054809689522
2025-02-20,fold_7,Recent mixed/upturn,0.004024154040962458,1,0.007633917964994907,1,0.007633917964994907,0.052680253982543945,0.9999861717224121,4.62145635538036e-06,9.24291271076072e-06,1,76.33917964994907
2025-02-21,fold_7,Recent mixed/upturn,-0.005598332267254591,-1,-0.0024511523079127073,-1,0.0024511523079127073,0.055260539054870605,0.9999699592590332,1.002019507723162e-05,2.004039015446324e-05,1,24.511523079127073
2025-02-25,fold_7,Recent mixed/upturn,0.0022689264733344316,1,0.005998783744871616,1,0.005998783744871616,0.06159079074859619,0.9999784231185913,7.179581189120654e-06,1.4359162378241308e-05,1,59.987837448716164
2025-02-26,fold_7,Recent mixed/upturn,-0.0034097216557711363,-1,-0.0033563824836164713,-1,0.0033563824836164713,0.06515383720397949,0.9999876022338867,4.143833848502254e-06,8.287667697004508e-06,1,33.56382483616471
2025-02-27,fold_7,Recent mixed/upturn,-0.008259288966655731,-1,-0.008929464034736156,-1,0.008929464034736156,0.07466506958007812,0.9999828338623047,5.706837328034453e-06,1.1413674656068906e-05,1,89.29464034736156
2025-02-28,fold_7,Recent mixed/upturn,-0.0013786209747195244,-1,0.0018017083639279008,1,-0.0018017083639279008,0.07272887229919434,0.9999852180480957,4.9339696488459595e-06,9.867939297691919e-06,0,-18.017083639279008
2025-03-03,fold_7,Recent mixed/upturn,0.0033751041628420353,1,0.006836147513240576,1,0.006836147513240576,0.08006227016448975,0.9999854564666748,4.854837698076153e-06,9.709675396152306e-06,1,68.36147513240576
2025-03-04,fold_7,Recent mixed/upturn,0.003567278850823641,1,0.013538874685764313,1,0.013538874685764313,0.09468507766723633,0.9999808073043823,6.396982826117892e-06,1.2793965652235784e-05,1,135.38874685764313
2025-03-05,fold_7,Recent mixed/upturn,-0.002845906186848879,-1,0.015803681686520576,1,-0.015803681686520576,0.0773850679397583,0.9999819993972778,6.006497187627247e-06,1.2012994375254493e-05,0,-158.03681686520576
2025-03-06,fold_7,Recent mixed/upturn,0.007073504384607077,1,-0.0006472344393841922,-1,-0.0006472344393841922,0.07668769359588623,0.999968409538269,1.0521552212594543e-05,2.1043104425189085e-05,0,-6.472344393841922
2025-03-07,fold_7,Recent mixed/upturn,0.0033741616643965244,1,0.006733564659953117,1,0.006733564659953117,0.0839376449584961,0.9999877214431763,4.08691539632855e-06,8.1738307926571e-06,1,67.33564659953117
2025-03-10,fold_7,Recent mixed/upturn,-0.004183638375252485,-1,-0.0019510398851707578,-1,0.0019510398851707578,0.0860525369644165,0.9999819993972778,6.007084721204592e-06,1.2014169442409184e-05,1,19.510398851707578
2025-03-11,fold_7,Recent mixed/upturn,0.0023063160479068756,1,0.006897692568600178,1,0.006897692568600178,0.09354376792907715,0.9999802112579346,6.582921741937753e-06,1.3165843483875506e-05,1,68.97692568600178
2025-03-12,fold_7,Recent mixed/upturn,0.0005262940539978445,1,-0.002558252075687051,-1,-0.002558252075687051,0.09074628353118896,0.9999808073043823,6.401697191904532e-06,1.2803394383809064e-05,0,-25.582520756870508
2025-03-13,fold_7,Recent mixed/upturn,-7.890965935075656e-05,-1,-0.0028116365429013968,-1,0.0028116365429013968,0.09381306171417236,0.9999806880950928,6.436571766244015e-06,1.287314353248803e-05,1,28.116365429013968
2025-03-14,fold_7,Recent mixed/upturn,0.0038684175815433264,1,0.002361313672736287,1,0.002361313672736287,0.09639585018157959,0.9999630451202393,1.2319615052547306e-05,2.463923010509461e-05,1,23.61313672736287
2025-03-17,fold_7,Recent mixed/upturn,0.005831075366586447,1,0.003483176464214921,1,0.003483176464214921,0.10021483898162842,0.9999841451644897,5.281407538859639e-06,1.0562815077719279e-05,1,34.83176464214921
2025-03-18,fold_7,Recent mixed/upturn,0.0025025666691362858,1,0.0018596742302179337,1,0.0018596742302179337,0.10226082801818848,0.9999849796295166,4.990519300918095e-06,9.98103860183619e-06,1,18.596742302179337
2025-03-19,fold_7,Recent mixed/upturn,0.0017250992823392153,1,-0.0025206219870597124,-1,-0.0025206219870597124,0.09948241710662842,0.9999779462814331,7.337794613704318e-06,1.4675589227408636e-05,0,-25.206219870597124
2025-03-21,fold_7,Recent mixed/upturn,0.0011633861577138305,1,-0.0019287904724478722,-1,-0.0019287904724478722,0.09736168384552002,0.9999784231185913,7.207749149529263e-06,1.4415498299058527e-05,0,-19.28790472447872
2025-03-24,fold_7,Recent mixed/upturn,0.0014524871949106455,1,-0.0029709464870393276,-1,-0.0029709464870393276,0.09410154819488525,0.9999799728393555,6.682380444544833e-06,1.3364760889089666e-05,0,-29.709464870393276
2025-03-25,fold_7,Recent mixed/upturn,0.0020153126679360867,1,-0.001488630659878254,-1,-0.001488630659878254,0.09247279167175293,0.999984622001648,5.128245902596973e-06,1.0256491805193946e-05,0,-14.88630659878254
2025-03-26,fold_7,Recent mixed/upturn,-0.003522257087752223,-1,-0.0042109801433980465,-1,0.0042109801433980465,0.09707319736480713,0.9999755620956421,8.123377483570948e-06,1.6246754967141896e-05,1,42.109801433980465
2025-03-27,fold_7,Recent mixed/upturn,0.0033798383083194494,1,0.0054869032464921474,1,0.0054869032464921474,0.10309267044067383,0.9999780654907227,7.324672878894489e-06,1.4649345757788979e-05,1,54.869032464921474
2025-03-28,fold_7,Recent mixed/upturn,-0.0017200649017468095,-1,0.002121507888659835,1,-0.002121507888659835,0.10075247287750244,0.9999799728393555,6.667580237262882e-06,1.3335160474525765e-05,0,-21.21507888659835
2025-03-31,fold_7,Recent mixed/upturn,-0.0019984617829322815,-1,-0.0004652105853892863,-1,0.0004652105853892863,0.10126447677612305,0.9999897480010986,3.4219958706671605e-06,6.843991741334321e-06,1,4.652105853892863
2025-04-01,fold_7,Recent mixed/upturn,0.0009101920877583325,1,-0.0021160184405744076,-1,-0.0021160184405744076,0.09893417358398438,0.999993085861206,2.2954618543735705e-06,4.590923708747141e-06,0,-21.160184405744076
2025-04-02,fold_7,Recent mixed/upturn,0.003369166748598218,1,0.010439658537507057,1,0.010439658537507057,0.11040663719177246,0.9999794960021973,6.82941208651755e-06,1.36588241730351e-05,1,104.39658537507057
2025-04-03,fold_7,Recent mixed/upturn,0.003282879013568163,1,0.012380016967654228,1,0.012380016967654228,0.1241534948348999,0.9999806880950928,6.448233762057498e-06,1.2896467524114996e-05,1,123.80016967654228
2025-04-04,fold_7,Recent mixed/upturn,-0.008935191668570042,-1,-0.0053604403510689735,-1,0.0053604403510689735,0.1301795244216919,0.999974250793457,8.587601769249886e-06,1.7175203538499773e-05,1,53.604403510689735
2025-04-07,fold_7,Recent mixed/upturn,0.0008428399451076984,1,-0.006298223044723272,-1,-0.006298223044723272,0.1230614185333252,0.9999856948852539,4.7787598305149e-06,9.5575196610298e-06,0,-62.98223044723272
2025-04-08,fold_7,Recent mixed/upturn,0.0022844804916530848,1,0.005962451454252005,1,0.005962451454252005,0.12975764274597168,0.9999740123748779,8.662580512464046e-06,1.7325161024928093e-05,1,59.624514542520046
2025-04-09,fold_7,Recent mixed/upturn,0.005619868636131287,1,-0.0025847177021205425,-1,-0.0025847177021205425,0.1268376111984253,0.999980092048645,6.639564162469469e-06,1.3279128324938938e-05,0,-25.847177021205425
2025-04-10,fold_7,Recent mixed/upturn,0.005620472598820925,1,0.027919435873627663,1,0.027919435873627663,0.15829825401306152,0.9999890327453613,3.6446704143600073e-06,7.2893408287200145e-06,1,279.1943587362766
2025-04-11,fold_7,Recent mixed/upturn,-0.001852862536907196,-1,0.00757727911695838,1,-0.00757727911695838,0.14952147006988525,0.9999624490737915,1.2507449355325662e-05,2.5014898710651323e-05,0,-75.7727911695838
2025-04-14,fold_7,Recent mixed/upturn,-0.0006460412405431271,-1,-0.00030624307692050934,-1,0.00030624307692050934,0.1498734951019287,0.9999802112579346,6.582616151717957e-06,1.3165232303435914e-05,1,3.0624307692050934
2025-04-15,fold_7,Recent mixed/upturn,-0.006178810261189938,-1,-0.00414437847211957,-1,0.00414437847211957,0.1546391248703003,0.9999583959579468,1.3851849871571176e-05,2.770369974314235e-05,1,41.4437847211957
2025-04-16,fold_7,Recent mixed/upturn,-0.0009737567161209881,-1,0.00922001339495182,1,-0.00922001339495182,0.14399337768554688,0.9999889135360718,3.702222102219821e-06,7.404444204439642e-06,0,-92.2001339495182
2025-04-17,fold_7,Recent mixed/upturn,-0.0012743020197376609,-1,0.01017727330327034,1,-0.01017727330327034,0.13235068321228027,0.9999793767929077,6.877963642182294e-06,1.3755927284364589e-05,0,-101.7727330327034
2025-04-22,fold_7,Recent mixed/upturn,-0.006067049689590931,-1,-0.01403016597032547,-1,0.01403016597032547,0.14823782444000244,0.9999738931655884,8.692546543898061e-06,1.7385093087796122e-05,1,140.3016597032547
2025-04-23,fold_7,Recent mixed/upturn,-0.004786953330039978,-1,-0.0021068835631012917,-1,0.0021068835631012917,0.150657057762146,0.9999892711639404,3.563590098565328e-06,7.127180197130656e-06,1,21.068835631012917
2025-04-24,fold_7,Recent mixed/upturn,0.004073418211191893,1,0.003934726119041443,1,0.003934726119041443,0.15518462657928467,0.9999856948852539,4.7509547584922984e-06,9.501909516984597e-06,1,39.34726119041443
2025-04-25,fold_7,Recent mixed/upturn,0.0020027761347591877,1,-0.002529496792703867,-1,-0.002529496792703867,0.15226256847381592,0.9999817609786987,6.057081918697804e-06,1.2114163837395608e-05,0,-25.29496792703867
2025-04-28,fold_7,Recent mixed/upturn,0.004656569566577673,1,0.005818618461489677,1,0.005818618461489677,0.15896713733673096,0.9999916553497314,2.791448196148849e-06,5.582896392297698e-06,1,58.186184614896774
2025-04-30,fold_7,Recent mixed/upturn,0.0004117695789318532,1,-0.005651242099702358,-1,-0.005651242099702358,0.15241754055023193,0.9999840259552002,5.325900929165073e-06,1.0651801858330145e-05,0,-56.51242099702358
2025-05-01,fold_7,Recent mixed/upturn,-0.0018056515837088227,-1,-0.002507785800844431,-1,0.002507785800844431,0.15530753135681152,0.9999852180480957,4.928189355268842e-06,9.856378710537683e-06,1,25.07785800844431
2025-05-02,fold_7,Recent mixed/upturn,0.0026280859019607306,1,0.0023665628395974636,1,0.0023665628395974636,0.1580415964126587,0.9999891519546509,3.604841822379967e-06,7.209683644759934e-06,1,23.665628395974636
2025-05-07,fold_7,Recent mixed/upturn,-0.0024081759620457888,-1,-0.003222282975912094,-1,0.003222282975912094,0.16177308559417725,0.9999814033508301,6.205583758855937e-06,1.2411167517711874e-05,1,32.22282975912094
2025-05-08,fold_7,Recent mixed/upturn,-0.006831528153270483,-1,-0.007250799797475338,-1,0.007250799797475338,0.17019689083099365,0.9999798536300659,6.7246337493998e-06,1.34492674987996e-05,1,72.50799797475338
2025-05-09,fold_7,Recent mixed/upturn,0.0002845046983566135,1,0.0004828175879083574,1,0.0004828175879083574,0.1707618236541748,0.9999852180480957,4.9056238822231535e-06,9.811247764446307e-06,1,4.828175879083574
2025-05-12,fold_7,Recent mixed/upturn,-0.009328686632215977,-1,-0.011938820593059063,-1,0.011938820593059063,0.184739351272583,0.9999715089797974,9.474996659264434e-06,1.8949993318528868e-05,1,119.38820593059063
2025-05-13,fold_7,Recent mixed/upturn,0.0034164160024374723,1,0.008109462447464466,1,0.008109462447464466,0.19434690475463867,0.9999860525131226,4.634588549379259e-06,9.269177098758519e-06,1,81.09462447464466
2025-05-14,fold_7,Recent mixed/upturn,-0.003651019651442766,-1,-0.0003241990343667567,-1,0.0003241990343667567,0.19473421573638916,0.9999816417694092,6.10119195698644e-06,1.220238391397288e-05,1,3.2419903436675668
2025-05-15,fold_7,Recent mixed/upturn,-0.0017219607252627611,-1,0.0009625714155845344,1,-0.0009625714155845344,0.19358420372009277,0.9999853372573853,4.900819476461038e-06,9.801638952922076e-06,0,-9.625714155845344
2025-05-16,fold_7,Recent mixed/upturn,-0.0024096635170280933,-1,-0.0004587228177115321,-1,0.0004587228177115321,0.1941317319869995,0.9999773502349854,7.56509643906611e-06,1.513019287813222e-05,1,4.587228177115321
2025-05-19,fold_7,Recent mixed/upturn,0.0016254168003797531,1,0.004100138321518898,1,0.004100138321518898,0.19902777671813965,0.9999861717224121,4.589132458931999e-06,9.178264917863999e-06,1,41.00138321518898
2025-05-20,fold_7,Recent mixed/upturn,-0.0008331616409122944,-1,0.004853827878832817,1,-0.004853827878832817,0.19320785999298096,0.9999803304672241,6.535968168464024e-06,1.3071936336928047e-05,0,-48.53827878832817
2025-05-21,fold_7,Recent mixed/upturn,-0.0009472350939176977,-1,0.003829962108284235,1,-0.003829962108284235,0.18863797187805176,0.9999802112579346,6.593392299691914e-06,1.3186784599383827e-05,0,-38.29962108284235
2025-05-22,fold_7,Recent mixed/upturn,-0.004823384340852499,-1,-0.004354733508080244,-1,0.004354733508080244,0.19381415843963623,0.999969482421875,1.0166103493247647e-05,2.0332206986495294e-05,1,43.54733508080244
2025-05-23,fold_7,Recent mixed/upturn,0.003857240779325366,1,0.00806327536702156,1,0.00806327536702156,0.20344030857086182,0.9999866485595703,4.450432243174873e-06,8.900864486349747e-06,1,80.6327536702156
2025-05-27,fold_7,Recent mixed/upturn,-0.0013094970490783453,-1,-0.004512133076786995,-1,0.004512133076786995,0.20887041091918945,0.9999878406524658,4.046296453452669e-06,8.092592906905338e-06,1,45.12133076786995
2025-05-28,fold_7,Recent mixed/upturn,-0.005441342946141958,-1,-0.009121845476329327,-1,0.009121845476329327,0.21989762783050537,0.9999821186065674,5.949591923126718e-06,1.1899183846253436e-05,1,91.21845476329327
2025-05-29,fold_7,Recent mixed/upturn,0.0020669277291744947,1,0.012880357913672924,1,0.012880357913672924,0.2356102466583252,0.9999837875366211,5.399724614107981e-06,1.0799449228215963e-05,1,128.80357913672924
2025-05-30,fold_7,Recent mixed/upturn,-0.0035227600019425154,-1,-0.002202543430030346,-1,0.002202543430030346,0.23833167552947998,0.9999868869781494,4.354388238425599e-06,8.708776476851199e-06,1,22.02543430030346
2025-06-02,fold_7,Recent mixed/upturn,0.001699649728834629,1,0.008819226175546646,1,0.008819226175546646,0.2492527961730957,0.9999858140945435,4.73194404548849e-06,9.46388809097698e-06,1,88.19226175546646
2025-06-03,fold_7,Recent mixed/upturn,-0.004943302366882563,-1,-0.006022475194185972,-1,0.006022475194185972,0.2567763328552246,0.9999828338623047,5.726041763409739e-06,1.1452083526819479e-05,1,60.22475194185972
2025-06-04,fold_7,Recent mixed/upturn,0.0016019039321690798,1,0.0033009489998221397,1,0.0033009489998221397,0.2609248161315918,0.999976396560669,7.846152584534138e-06,1.5692305169068277e-05,1,33.0094899982214
2025-06-05,fold_7,Recent mixed/upturn,-0.002691820729523897,-1,0.0027832789346575737,1,-0.0027832789346575737,0.2574152946472168,0.9999786615371704,7.10178937879391e-06,1.420357875758782e-05,0,-27.832789346575737
2025-06-06,fold_7,Recent mixed/upturn,-0.004056341480463743,-1,-0.004015539772808552,-1,0.004015539772808552,0.2624645233154297,0.9999837875366211,5.415618488768814e-06,1.0831236977537628e-05,1,40.15539772808552
2025-06-09,fold_7,Recent mixed/upturn,-0.0003245006373617798,-1,0.001771340030245483,1,-0.001771340030245483,0.2602282762527466,0.9999812841415405,6.251929789868882e-06,1.2503859579737764e-05,0,-17.71340030245483
2025-06-10,fold_7,Recent mixed/upturn,-0.002436230657622218,-1,0.0008235503337346017,1,-0.0008235503337346017,0.2591904401779175,0.9999829530715942,5.672120551025728e-06,1.1344241102051456e-05,0,-8.235503337346017
2025-06-11,fold_7,Recent mixed/upturn,-0.000757365021854639,-1,0.006284058094024658,1,-0.006284058094024658,0.2512775659561157,0.9999823570251465,5.887596216780366e-06,1.1775192433560733e-05,0,-62.84058094024658
2025-06-12,fold_7,Recent mixed/upturn,0.002642227103933692,1,0.007899755612015724,1,0.007899755612015724,0.2611624002456665,0.9999769926071167,7.660200026293751e-06,1.5320400052587502e-05,1,78.99755612015724
2025-06-13,fold_7,Recent mixed/upturn,-0.0036640556063503027,-1,-0.003755935002118349,-1,0.003755935002118349,0.2658991813659668,0.9999862909317017,4.5802116801496595e-06,9.160423360299319e-06,1,37.55935002118349
2025-06-16,fold_7,Recent mixed/upturn,0.0028144943062216043,1,-0.0004620169347617775,-1,-0.0004620169347617775,0.26531434059143066,0.999983549118042,5.4656834436173085e-06,1.0931366887234617e-05,0,-4.620169347617775
2025-06-17,fold_7,Recent mixed/upturn,-0.00622462248429656,-1,-0.005948005244135857,-1,0.005948005244135857,0.27284038066864014,0.9999920129776001,2.6765087568492163e-06,5.353017513698433e-06,1,59.480052441358566
2025-06-18,fold_7,Recent mixed/upturn,-0.0012841237476095557,-1,-0.0004476588510442525,-1,0.0004476588510442525,0.27341020107269287,0.9999880790710449,3.974281298724236e-06,7.948562597448472e-06,1,4.476588510442525
2025-06-20,fold_7,Recent mixed/upturn,-0.000717479269951582,-1,-0.0010350376833230257,-1,0.0010350376833230257,0.27472829818725586,0.9999785423278809,7.156783340178663e-06,1.4313566680357326e-05,1,10.350376833230257
2025-06-23,fold_7,Recent mixed/upturn,0.0011150146601721644,1,0.008536921814084053,1,0.008536921814084053,0.285610556602478,0.9999862909317017,4.547316621028585e-06,9.09463324205717e-06,1,85.36921814084053
2025-06-24,fold_7,Recent mixed/upturn,0.0025186350103467703,1,0.0011379257775843143,1,0.0011379257775843143,0.2870734930038452,0.9999901056289673,3.2752980132499943e-06,6.5505960264999885e-06,1,11.379257775843143
2025-06-25,fold_7,Recent mixed/upturn,0.000147172249853611,1,0.006157340481877327,1,0.006157340481877327,0.29499852657318115,0.9999818801879883,6.034277703292901e-06,1.2068555406585801e-05,1,61.57340481877327
2025-06-26,fold_7,Recent mixed/upturn,0.0004054555611219257,1,0.0007249234477058053,1,0.0007249234477058053,0.29593729972839355,0.999976396560669,7.876313247834332e-06,1.5752626495668665e-05,1,7.249234477058053
2025-06-27,fold_7,Recent mixed/upturn,-0.0009853043593466282,-1,0.0030139251612126827,1,-0.0030139251612126827,0.2920314073562622,0.9999916553497314,2.7839673748530913e-06,5.567934749706183e-06,0,-30.139251612126827
2025-06-30,fold_7,Recent mixed/upturn,0.001391888945363462,1,0.005092043429613113,1,0.005092043429613113,0.2986104488372803,0.9999744892120361,8.50586911838036e-06,1.701173823676072e-05,1,50.920434296131134
2025-07-01,fold_7,Recent mixed/upturn,0.000807465985417366,1,0.0015583859058097005,1,0.0015583859058097005,0.3006342649459839,0.9999887943267822,3.739171688721399e-06,7.478343377442798e-06,1,15.583859058097005
2025-07-02,fold_7,Recent mixed/upturn,-0.002114342525601387,-1,-0.00044844072544947267,-1,0.00044844072544947267,0.30121755599975586,0.9999796152114868,6.800223218306201e-06,1.3600446436612401e-05,1,4.484407254494727
2025-07-03,fold_7,Recent mixed/upturn,-0.004047708585858345,-1,-0.0024366681464016438,-1,0.0024366681464016438,0.304388165473938,0.9999674558639526,1.0835246030183043e-05,2.1670492060366087e-05,1,24.366681464016438
2025-07-07,fold_7,Recent mixed/upturn,-0.004338781349360943,-1,-0.003755652578547597,-1,0.003755652578547597,0.30928707122802734,0.9999669790267944,1.0991107956215274e-05,2.1982215912430547e-05,1,37.55652578547597
2025-07-08,fold_7,Recent mixed/upturn,-0.0014752782881259918,-1,-0.0010200783144682646,-1,0.0010200783144682646,0.3106226921081543,0.9999841451644897,5.262783815851435e-06,1.052556763170287e-05,1,10.200783144682646
2025-07-09,fold_7,Recent mixed/upturn,-0.0015723468968644738,-1,0.000563176698051393,1,-0.000563176698051393,0.30988454818725586,0.999980092048645,6.62626280245604e-06,1.325252560491208e-05,0,-5.63176698051393
2025-07-10,fold_7,Recent mixed/upturn,-0.0024978616274893284,-1,-0.002422562800347805,-1,0.002422562800347805,0.3130577802658081,0.9999796152114868,6.794632554374402e-06,1.3589265108748805e-05,1,24.22562800347805
2025-07-11,fold_7,Recent mixed/upturn,-0.0036820166278630495,-1,-0.0017639847937971354,-1,0.0017639847937971354,0.31537389755249023,0.9999797344207764,6.751185537723359e-06,1.3502371075446717e-05,1,17.639847937971354
2025-07-14,fold_7,Recent mixed/upturn,-0.0032071471214294434,-1,-0.0013532100711017847,-1,0.0013532100711017847,0.3171539306640625,0.9999711513519287,9.593870345270261e-06,1.9187740690540522e-05,1,13.532100711017847
2025-07-15,fold_7,Recent mixed/upturn,-0.006509837694466114,-1,-0.005049251951277256,-1,0.005049251951277256,0.32380449771881104,0.9999864101409912,4.5274014155438635e-06,9.054802831087727e-06,1,50.49251951277256
2025-07-16,fold_7,Recent mixed/upturn,-0.0031699694227427244,-1,0.002443466568365693,1,-0.002443466568365693,0.3205697536468506,0.9999802112579346,6.589683380298084e-06,1.3179366760596167e-05,0,-24.43466568365693
2025-07-17,fold_7,Recent mixed/upturn,-0.0036883584689348936,-1,-0.0017422791570425034,-1,0.0017422791570425034,0.32287049293518066,0.9999942779541016,1.9012712755284156e-06,3.802542551056831e-06,1,17.422791570425034
2025-07-18,fold_7,Recent mixed/upturn,-0.0012588071404024959,-1,0.0013141727540642023,1,-0.0013141727540642023,0.3211320638656616,0.9999812841415405,6.2490157688444015e-06,1.2498031537688803e-05,0,-13.141727540642023
2025-07-22,fold_7,Recent mixed/upturn,-0.001371530583128333,-1,0.003815255593508482,1,-0.003815255593508482,0.3160916566848755,0.999984860420227,5.040524229116272e-06,1.0081048458232544e-05,0,-38.15255593508482
2025-07-23,fold_7,Recent mixed/upturn,-0.0005831699818372726,-1,0.0029907028656452894,1,-0.0029907028656452894,0.3121556043624878,0.9999710321426392,9.648651030147448e-06,1.9297302060294896e-05,0,-29.907028656452894
2025-07-24,fold_7,Recent mixed/upturn,-0.0030190309043973684,-1,-0.001540047349408269,-1,0.001540047349408269,0.31417644023895264,0.9999791383743286,6.9316538429120556e-06,1.3863307685824111e-05,1,15.40047349408269
2025-07-25,fold_7,Recent mixed/upturn,-0.002623684937134385,-1,5.8711641031550243e-05,1,-5.8711641031550243e-05,0.3140993118286133,0.999982476234436,5.833109298691852e-06,1.1666218597383704e-05,0,-0.5871164103155024
2025-07-28,fold_7,Recent mixed/upturn,-0.008787954226136208,-1,-0.013614622876048088,-1,0.013614622876048088,0.3319903612136841,0.9999798536300659,6.722954822180327e-06,1.3445909644360654e-05,1,136.14622876048088
2025-07-29,fold_7,Recent mixed/upturn,-0.006504211574792862,-1,-0.003950425889343023,-1,0.003950425889343023,0.3372523784637451,0.9999783039093018,7.218000519060297e-06,1.4436001038120594e-05,1,39.50425889343023
2025-07-30,fold_7,Recent mixed/upturn,-0.011339756660163403,-1,-0.010526402853429317,-1,0.010526402853429317,0.35132884979248047,0.9999783039093018,7.234146323753521e-06,1.4468292647507042e-05,1,105.26402853429317
2025-07-31,fold_7,Recent mixed/upturn,-0.006312617566436529,-1,-0.0004912575823254883,-1,0.0004912575823254883,0.35199272632598877,0.999985933303833,4.686824468080886e-06,9.373648936161771e-06,1,4.912575823254883
2025-08-01,fold_7,Recent mixed/upturn,0.0009437026455998421,1,0.014263281598687172,1,0.014263281598687172,0.3712766170501709,0.9999871253967285,4.296080533094937e-06,8.592161066189874e-06,1,142.63281598687172
2025-08-04,fold_7,Recent mixed/upturn,-0.0019722331780940294,-1,-0.00022017340234015137,-1,0.00022017340234015137,0.371578574180603,0.9999902248382568,3.264852466600132e-06,6.529704933200264e-06,1,2.2017340234015137
2025-08-05,fold_7,Recent mixed/upturn,-0.0022924256045371294,-1,-0.0004284036112949252,-1,0.0004284036112949252,0.37216615676879883,0.9999839067459106,5.3694834605266806e-06,1.0738966921053361e-05,1,4.284036112949252
2025-08-06,fold_7,Recent mixed/upturn,0.0009321304969489574,1,0.007254479452967644,1,0.007254479452967644,0.3821204900741577,0.999972939491272,9.027079613588285e-06,1.805415922717657e-05,1,72.54479452967644
2025-08-07,fold_7,Recent mixed/upturn,-0.005534094758331776,-1,0.0011559956474229693,1,-0.0011559956474229693,0.38052284717559814,0.999983549118042,5.487591351993615e-06,1.097518270398723e-05,0,-11.559956474229693
2025-08-08,fold_7,Recent mixed/upturn,-0.004659867845475674,-1,-0.002457661321386695,-1,0.002457661321386695,0.38391566276550293,0.9999750852584839,8.304341463372111e-06,1.6608682926744223e-05,1,24.57661321386695
2025-08-12,fold_7,Recent mixed/upturn,-0.0010712658986449242,-1,0.005044498015195131,1,-0.005044498015195131,0.3769345283508301,0.9999836683273315,5.4464539971377235e-06,1.0892907994275447e-05,0,-50.44498015195131
2025-08-13,fold_7,Recent mixed/upturn,-0.002412383910268545,-1,0.003068778896704316,1,-0.003068778896704316,0.3727090358734131,0.9999819993972778,6.011890036461409e-06,1.2023780072922818e-05,0,-30.68778896704316
2025-08-14,fold_7,Recent mixed/upturn,-0.005488234106451273,-1,-0.005254701245576143,-1,0.005254701245576143,0.3799222707748413,0.999984860420227,5.028316991229076e-06,1.0056633982458152e-05,1,52.54701245576143
2025-08-15,fold_7,Recent mixed/upturn,-0.0008399655926041305,-1,0.004741219338029623,1,-0.004741219338029623,0.37337982654571533,0.9999849796295166,4.988373348169262e-06,9.976746696338523e-06,0,-47.41219338029623
2025-08-18,fold_7,Recent mixed/upturn,-0.00623330008238554,-1,-0.003267246065661311,-1,0.003267246065661311,0.37786710262298584,0.9999814033508301,6.186746759340167e-06,1.2373493518680334e-05,1,32.67246065661311
2025-08-19,fold_7,Recent mixed/upturn,-0.00476089445874095,-1,-0.002212071092799306,-1,0.002212071092799306,0.3809150457382202,0.9999758005142212,8.052911653066985e-06,1.610582330613397e-05,1,22.12071092799306
2025-08-20,fold_7,Recent mixed/upturn,-0.002748671919107437,-1,0.0007923034718260169,1,-0.0007923034718260169,0.37982094287872314,0.9999828338623047,5.738043455494335e-06,1.147608691098867e-05,0,-7.923034718260169
2025-08-21,fold_7,Recent mixed/upturn,-0.005554547067731619,-1,-0.003321295604109764,-1,0.003321295604109764,0.38440370559692383,0.9999768733978271,7.689186531933956e-06,1.5378373063867912e-05,1,33.21295604109764
2025-08-22,fold_7,Recent mixed/upturn,0.003913212567567825,1,0.008313816972076893,1,0.008313816972076893,0.39591336250305176,0.9999831914901733,5.595004950009752e-06,1.1190009900019504e-05,1,83.13816972076893
2025-08-25,fold_7,Recent mixed/upturn,-0.00876528024673462,-1,-0.007784397341310978,-1,0.007784397341310978,0.4067796468734741,0.999980092048645,6.6418569986126386e-06,1.3283713997225277e-05,1,77.84397341310978
2025-08-26,fold_7,Recent mixed/upturn,-0.0017382082296535373,-1,0.001804178929887712,1,-0.001804178929887712,0.40424156188964844,0.9999914169311523,2.849483735190006e-06,5.698967470380012e-06,0,-18.04178929887712
2025-08-27,fold_7,Recent mixed/upturn,-0.003635752247646451,-1,0.0007338296854868531,1,-0.0007338296854868531,0.40321099758148193,0.9999737739562988,8.744528713577893e-06,1.7489057427155785e-05,0,-7.338296854868531
2025-08-28,fold_7,Recent mixed/upturn,-0.002102981088683009,-1,0.0028852694667875767,1,-0.0028852694667875767,0.39916229248046875,0.9999799728393555,6.6768880060408264e-06,1.3353776012081653e-05,0,-28.852694667875767
2025-08-29,fold_7,Recent mixed/upturn,-0.0054322644136846066,-1,0.0008769080741330981,1,-0.0008769080741330981,0.3979353904724121,0.9999762773513794,7.893107976997271e-06,1.5786215953994542e-05,0,-8.769080741330981
2025-09-02,fold_7,Recent mixed/upturn,-0.009313882328569889,-1,-0.006818667519837618,-1,0.006818667519837618,0.40746748447418213,0.9999678134918213,1.0724673302320298e-05,2.1449346604640596e-05,1,68.18667519837618
2025-09-03,fold_7,Recent mixed/upturn,-0.0007524398388341069,-1,0.0020988616161048412,1,-0.0020988616161048412,0.4045133590698242,0.9999831914901733,5.605188107438153e-06,1.1210376214876305e-05,0,-20.988616161048412
2025-09-04,fold_7,Recent mixed/upturn,-0.004183053970336914,-1,-0.0003031234664376825,-1,0.0003031234664376825,0.4049391746520996,0.9999761581420898,7.945460311020724e-06,1.589092062204145e-05,1,3.031234664376825
2025-09-05,fold_7,Recent mixed/upturn,0.0006076806457713246,1,0.004825879819691181,1,0.004825879819691181,0.4117192029953003,0.9999773502349854,7.5655875662050676e-06,1.5131175132410135e-05,1,48.25879819691181
2025-09-08,fold_7,Recent mixed/upturn,-0.0010366925271227956,-1,0.00477817514911294,1,-0.00477817514911294,0.40497374534606934,0.999981164932251,6.279582521528937e-06,1.2559165043057874e-05,0,-47.7817514911294
2025-09-09,fold_7,Recent mixed/upturn,-0.003210659371688962,-1,-0.005640725139528513,-1,0.005640725139528513,0.4128988981246948,0.9999867677688599,4.406735570228193e-06,8.813471140456386e-06,1,56.40725139528513
2025-09-10,fold_7,Recent mixed/upturn,-0.0019702159333974123,-1,5.857199721504003e-05,1,-5.857199721504003e-05,0.4128161668777466,0.9999816417694092,6.101350209064549e-06,1.2202700418129098e-05,0,-0.5857199721504003
2025-09-11,fold_7,Recent mixed/upturn,-0.0004658059333451092,-1,0.002675513969734311,1,-0.002675513969734311,0.40903615951538086,0.9999872446060181,4.2373967517050914e-06,8.474793503410183e-06,0,-26.75513969734311
2025-09-12,fold_7,Recent mixed/upturn,-0.0033404703717678785,-1,-0.000703588651958853,-1,0.000703588651958853,0.41002750396728516,0.9999774694442749,7.5173356890445575e-06,1.5034671378089115e-05,1,7.03588651958853
2025-09-16,fold_7,Recent mixed/upturn,-0.0006801741546951234,-1,0.009152790531516075,1,-0.009152790531516075,0.397121787071228,0.9999749660491943,8.321560926560778e-06,1.6643121853121556e-05,0,-91.52790531516075
2025-09-17,fold_7,Recent mixed/upturn,-0.0041344487108290195,-1,-0.003796270117163658,-1,0.003796270117163658,0.40242552757263184,0.9999821186065674,5.952315859758528e-06,1.1904631719517056e-05,1,37.96270117163658
2025-09-18,fold_7,Recent mixed/upturn,-0.005556429736316204,-1,-0.0029830695129930973,-1,0.0029830695129930973,0.40660905838012695,0.9999840259552002,5.306153525452828e-06,1.0612307050905656e-05,1,29.830695129930973
2025-09-19,fold_7,Recent mixed/upturn,-0.00453495979309082,-1,-0.004589194897562265,-1,0.004589194897562265,0.41306424140930176,0.9999850988388062,4.957358669344103e-06,9.914717338688206e-06,1,45.891948975622654
2025-09-22,fold_7,Recent mixed/upturn,3.403127266210504e-05,1,0.005463925655931234,1,0.005463925655931234,0.42078518867492676,0.9999866485595703,4.4617304411076475e-06,8.923460882215295e-06,1,54.639256559312344
2025-09-24,fold_7,Recent mixed/upturn,-0.00522175058722496,-1,-0.005907559301704168,-1,0.005907559301704168,0.42917847633361816,0.9999873638153076,4.225399607094005e-06,8.45079921418801e-06,1,59.07559301704168
2025-09-25,fold_7,Recent mixed/upturn,-0.009617073461413383,-1,-0.006974319461733103,-1,0.006974319461733103,0.4391460418701172,0.9999862909317017,4.578034804580966e-06,9.156069609161932e-06,1,69.74319461733103
2025-09-26,fold_7,Recent mixed/upturn,-0.00175334548112005,-1,0.0038988362066447735,1,-0.0038988362066447735,0.43353497982025146,0.9999890327453613,3.6663320770458085e-06,7.332664154091617e-06,0,-38.988362066447735
2025-09-29,fold_7,Recent mixed/upturn,-0.0007632073829881847,-1,0.0019825738854706287,1,-0.0019825738854706287,0.4306929111480713,0.9999910593032837,2.964541181427194e-06,5.929082362854388e-06,0,-19.825738854706287
